pop_inicial tipo1_inicial tipo2_inicial n/2_100%_infectados tipo1_n/2 tipo2_n/2 curados_n/2 mortos_n/2 n/2+1_100%_infectados tipo1_n/2+1 tipo2_n/2+1 curados_n/2+1 mortos_n/2+1 n_atualizacoes_100%_infectados tipo1_n tipo2_n curados_n mortos_n numero_total_atualizacoes sadios_final curados_final mortos_final
10000 1 0 50 1178 583 3068 270 51 1201 592 3223 279 100 107 67 9136 690 111 0 9305 695
10000 1 0 50 1184 589 3073 253 51 1227 578 3224 266 100 113 59 9154 674 111 0 9324 676
10000 1 0 50 1147 615 3058 279 51 1157 640 3208 290 100 112 58 9164 666 111 0 9332 668
10000 1 0 50 1158 598 3047 296 51 1178 614 3194 309 100 103 69 9098 730 111 0 9265 735
10000 1 0 50 1174 587 3072 266 51 1188 602 3223 282 100 120 52 9198 630 111 0 9366 634
10000 1 0 50 1171 582 3061 285 51 1204 593 3208 290 100 116 61 9163 660 111 0 9336 664
10000 1 0 50 1189 577 3089 244 51 1201 604 3237 253 100 105 67 9189 639 111 0 9355 645
10000 1 0 50 1182 578 3070 269 51 1206 590 3219 280 100 112 62 9179 647 111 0 9345 655
10000 1 0 50 1168 606 3054 271 51 1185 623 3207 280 100 115 60 9210 615 111 0 9382 618
10000 1 0 50 1174 586 3049 290 51 1184 609 3204 298 100 107 66 9155 672 111 0 9325 675
10000 1 0 50 1157 611 3094 237 51 1170 625 3252 248 100 115 55 9145 685 110 0 9308 692
10000 1 0 50 1146 621 3067 265 51 1155 642 3220 278 100 105 67 9178 650 111 0 9346 654
10000 1 0 50 1172 603 3072 252 51 1172 629 3229 265 100 111 63 9193 633 111 0 9363 637
10000 1 0 50 1143 618 3071 267 51 1170 625 3220 280 100 104 67 9174 655 111 0 9345 655
10000 1 0 50 1140 624 3077 258 51 1155 634 3230 276 100 100 69 9170 661 111 0 9333 667
10000 1 0 50 1148 620 3054 277 51 1174 621 3205 295 100 112 65 9144 679 111 0 9315 685
10000 1 0 50 1185 591 3075 248 51 1199 611 3229 256 100 106 69 9212 613 111 0 9381 619
10000 1 0 50 1155 615 3072 257 51 1172 629 3228 266 100 105 71 9192 632 111 0 9365 635
10000 1 0 50 1179 602 3097 221 51 1190 616 3251 238 100 114 58 9257 571 111 0 9426 574
10000 1 0 50 1161 601 3070 267 51 1180 599 3230 286 100 120 51 9158 671 111 0 9326 674
10000 1 0 50 1185 581 3053 280 51 1202 595 3208 290 100 116 52 9175 657 111 0 9339 661
10000 1 0 50 1157 600 3070 272 51 1175 605 3229 286 100 115 57 9144 684 111 0 9312 688
10000 1 0 50 1167 593 3074 265 51 1177 620 3225 273 100 112 59 9166 663 111 0 9334 666
10000 1 0 50 1189 575 3073 262 51 1194 604 3227 270 100 113 63 9175 649 110 0 9345 655
10000 1 0 50 1158 602 3077 262 51 1194 595 3229 277 100 115 59 9200 626 111 0 9372 628
10000 1 0 50 1152 620 3097 230 51 1172 635 3251 237 100 112 63 9219 606 111 0 9392 608
10000 1 0 50 1182 588 3089 240 51 1199 608 3242 246 100 108 65 9176 651 111 0 9343 657
10000 1 0 50 1171 602 3064 262 51 1190 607 3220 278 100 108 68 9157 667 111 0 9327 673
10000 1 0 50 1178 579 3071 271 51 1203 584 3222 286 100 94 77 9191 638 111 0 9357 643
10000 1 0 50 1158 623 3064 254 51 1171 632 3222 270 100 114 55 9206 625 111 0 9371 629
10000 1 0 50 1168 598 3065 268 51 1174 626 3217 278 100 97 74 9167 662 111 0 9332 668
10000 1 0 50 1207 572 3057 263 51 1209 594 3216 276 100 97 80 9174 649 111 0 9341 659
10000 1 0 50 1163 605 3088 243 51 1182 615 3246 252 100 118 53 9205 624 111 0 9375 625
10000 1 0 50 1152 609 3093 245 51 1151 643 3244 257 100 117 58 9167 658 111 0 9338 662
10000 1 0 50 1195 565 3076 263 51 1212 581 3224 278 100 120 55 9158 667 111 0 9329 671
10000 1 0 50 1182 583 3071 263 51 1192 601 3225 277 100 101 70 9189 640 111 0 9357 643
10000 1 0 50 1150 623 3073 253 51 1166 631 3230 268 100 115 52 9170 663 111 0 9334 666
10000 1 0 50 1179 588 3048 284 51 1208 586 3204 297 100 114 59 9191 636 111 0 9358 642
10000 1 0 50 1161 603 3080 255 51 1179 612 3236 268 100 104 67 9189 640 111 0 9358 642
10000 1 0 50 1204 562 3050 283 51 1204 587 3207 297 100 107 60 9156 677 111 0 9313 687
10000 1 0 50 1176 591 3057 275 51 1190 614 3204 287 100 124 49 9184 643 111 0 9356 644
10000 1 0 50 1146 604 3038 311 51 1175 612 3189 319 100 110 61 9139 690 111 0 9306 694
10000 1 0 50 1159 613 3066 261 51 1173 633 3219 270 100 123 49 9194 634 111 0 9362 638
10000 1 0 50 1154 618 3067 260 51 1176 627 3222 270 100 117 60 9181 642 111 0 9349 651
10000 1 0 50 1166 605 3073 255 51 1181 614 3231 269 100 106 67 9189 638 111 0 9359 641
10000 1 0 50 1125 638 3078 258 51 1158 643 3229 265 100 110 63 9147 680 111 0 9320 680
10000 1 0 50 1143 623 3082 251 51 1167 628 3236 264 100 112 61 9189 638 111 0 9355 645
10000 1 0 50 1137 627 3061 274 51 1152 647 3215 281 100 109 66 9181 644 111 0 9351 649
10000 1 0 50 1190 597 3061 251 51 1191 624 3221 259 100 108 63 9212 617 111 0 9378 622
10000 1 0 50 1209 555 3061 274 51 1236 560 3210 289 100 116 55 9176 653 111 0 9343 657
10000 1 0 50 1178 592 3067 262 51 1193 613 3215 274 100 120 57 9171 652 111 0 9346 654
10000 1 0 50 1163 584 3056 296 51 1166 615 3210 304 100 101 75 9150 674 110 0 9317 683
10000 1 0 50 1189 569 3061 280 51 1217 568 3216 294 100 121 56 9144 679 110 0 9317 683
10000 1 0 50 1178 587 3082 252 51 1190 603 3237 265 100 118 57 9201 624 111 0 9373 627
10000 1 0 50 1170 600 3079 250 51 1175 627 3236 257 100 113 65 9192 630 111 0 9364 636
10000 1 0 50 1153 621 3070 255 51 1184 618 3226 267 100 100 72 9164 664 111 0 9331 669
10000 1 0 50 1195 576 3074 254 51 1209 590 3230 266 100 105 64 9190 641 111 0 9354 646
10000 1 0 50 1194 569 3078 258 51 1210 587 3231 267 100 110 62 9173 655 111 0 9338 662
10000 1 0 50 1133 635 3064 267 51 1158 641 3216 280 100 109 67 9175 649 111 0 9347 653
10000 1 0 50 1165 591 3065 278 51 1198 592 3215 290 100 108 63 9190 639 111 0 9350 650
10000 1 0 50 1175 582 3070 272 51 1196 598 3221 280 100 112 65 9176 647 111 0 9345 655
10000 1 0 50 1165 597 3087 250 51 1176 615 3240 264 100 101 71 9172 656 111 0 9343 657
10000 1 0 50 1138 628 3056 277 51 1148 648 3207 292 100 108 67 9158 667 111 0 9330 670
10000 1 0 50 1178 587 3051 283 51 1205 594 3206 290 100 121 51 9197 631 110 0 9365 635
10000 1 0 50 1147 611 3059 282 51 1172 613 3214 296 100 107 62 9135 696 111 0 9298 702
10000 1 0 50 1175 597 3061 266 51 1197 609 3216 273 100 119 57 9183 641 111 0 9354 646
10000 1 0 50 1195 572 3066 266 51 1222 573 3221 279 100 118 48 9182 652 110 0 9343 657
10000 1 0 50 1173 586 3056 284 51 1188 606 3206 295 100 93 80 9131 696 111 0 9297 703
10000 1 0 50 1211 567 3067 254 51 1231 576 3221 267 100 104 64 9248 584 111 0 9412 588
10000 1 0 50 1179 603 3077 240 51 1201 609 3232 253 100 97 68 9188 647 111 0 9347 653
10000 1 0 50 1185 569 3049 296 51 1211 576 3201 307 100 116 56 9144 684 111 0 9314 686
10000 1 0 50 1190 580 3077 252 51 1202 596 3229 268 100 103 69 9180 648 111 0 9343 657
10000 1 0 50 1147 614 3083 255 51 1177 615 3238 265 100 108 66 9222 604 111 0 9393 607
10000 1 0 50 1170 593 3082 254 51 1186 608 3233 268 100 109 63 9181 647 111 0 9346 654
10000 1 0 50 1172 597 3104 226 51 1186 610 3256 243 100 121 54 9192 633 111 0 9363 637
10000 1 0 50 1175 589 3062 273 51 1196 599 3216 284 100 104 69 9153 674 111 0 9321 679
10000 1 0 50 1150 612 3077 260 51 1156 637 3232 270 100 110 62 9161 667 111 0 9328 672
10000 1 0 50 1181 589 3050 279 51 1214 591 3201 289 100 113 55 9147 685 110 0 9308 692
10000 1 0 50 1206 558 3077 258 51 1227 572 3225 271 100 104 68 9185 643 111 0 9349 651
10000 1 0 50 1186 584 3077 252 51 1207 596 3229 263 100 104 69 9144 683 111 0 9311 689
10000 1 0 50 1190 574 3044 291 51 1214 584 3197 300 100 113 60 9190 637 111 0 9354 646
10000 1 0 50 1140 625 3075 259 51 1149 649 3232 265 100 114 63 9174 649 111 0 9344 656
10000 1 0 50 1174 595 3076 254 51 1195 605 3229 266 100 105 70 9178 647 111 0 9350 650
10000 1 0 50 1225 534 3089 251 51 1245 553 3239 258 100 109 62 9184 645 111 0 9349 651
10000 1 0 50 1158 604 3075 262 51 1195 600 3229 271 100 111 56 9142 691 111 0 9307 693
10000 1 0 50 1189 578 3056 276 51 1219 581 3207 288 100 112 57 9187 644 111 0 9351 649
10000 1 0 50 1221 548 3075 255 51 1230 568 3231 266 100 112 64 9177 647 111 0 9348 652
10000 1 0 50 1195 563 3059 282 51 1215 571 3211 298 100 108 64 9169 659 111 0 9334 666
10000 1 0 50 1166 592 3073 268 51 1197 592 3224 282 100 100 75 9181 644 111 0 9347 653
10000 1 0 50 1166 602 3076 255 51 1183 611 3229 272 100 109 64 9169 658 111 0 9338 662
10000 1 0 50 1186 583 3057 273 51 1192 611 3210 282 100 100 67 9160 673 111 0 9326 674
10000 1 0 50 1190 572 3075 262 51 1199 597 3223 276 100 106 64 9183 647 111 0 9346 654
10000 1 0 50 1165 599 3094 241 51 1176 621 3247 251 100 115 58 9211 616 111 0 9384 616
10000 1 0 50 1214 561 3079 245 51 1225 580 3235 255 100 111 62 9238 589 111 0 9408 592
10000 1 0 50 1203 566 3070 260 51 1219 578 3227 271 100 113 58 9177 652 111 0 9344 656
10000 1 0 50 1138 629 3077 255 51 1156 643 3229 267 100 111 62 9176 651 111 0 9344 656
10000 1 0 50 1165 607 3079 248 51 1203 602 3230 260 100 118 57 9166 659 111 0 9336 664
10000 1 0 50 1178 583 3055 283 51 1191 602 3211 291 100 111 60 9153 676 111 0 9320 680
10000 1 0 50 1217 553 3065 264 51 1227 568 3221 279 100 107 64 9196 633 111 0 9361 639
10000 1 0 50 1179 580 3074 266 51 1195 598 3228 274 100 117 59 9173 651 111 0 9346 654
10000 1 0 50 1200 571 3081 247 51 1212 589 3237 257 100 117 53 9200 630 111 0 9368 632
10000 1 0 50 1179 581 3069 270 51 1207 581 3225 282 100 109 58 9169 664 110 0 9332 668
10000 1 0 50 1127 628 3086 258 51 1150 634 3237 274 100 123 55 9198 624 111 0 9372 628
10000 1 0 50 1164 589 3064 282 51 1179 609 3213 294 100 106 63 9172 659 111 0 9331 669
10000 1 0 50 1192 577 3034 296 51 1201 593 3191 310 100 107 67 9104 722 111 0 9275 725
10000 1 0 50 1164 621 3070 244 51 1169 642 3227 257 100 107 66 9223 604 111 0 9395 605
10000 1 0 50 1171 597 3054 277 51 1168 624 3209 294 100 105 68 9156 671 111 0 9324 676
10000 1 0 50 1172 599 3078 250 51 1193 604 3236 262 100 114 56 9215 615 111 0 9382 618
10000 1 0 50 1133 631 3079 256 51 1162 633 3232 268 100 101 77 9158 664 111 0 9332 668
10000 1 0 50 1132 635 3081 251 51 1159 632 3237 267 100 95 79 9183 643 111 0 9348 652
10000 1 0 50 1174 601 3080 244 51 1198 608 3233 256 100 104 68 9189 639 111 0 9356 644
10000 1 0 50 1190 571 3064 274 51 1212 578 3216 289 100 123 56 9158 663 111 0 9335 665
10000 1 0 50 1177 586 3063 273 51 1187 609 3215 284 100 119 54 9192 635 111 0 9363 637
10000 1 0 50 1165 596 3053 285 51 1174 619 3208 294 100 100 64 9154 682 111 0 9316 684
10000 1 0 50 1150 606 3067 276 51 1177 609 3218 291 100 115 59 9183 643 111 0 9354 646
10000 1 0 50 1187 598 3063 251 51 1199 619 3216 261 100 101 72 9176 651 111 0 9343 657
10000 1 0 50 1171 603 3065 260 51 1178 622 3223 272 100 118 56 9211 615 111 0 9381 619
10000 1 0 50 1167 603 3082 247 51 1190 614 3235 256 100 118 52 9216 614 111 0 9384 616
10000 1 0 50 1169 590 3085 255 51 1183 606 3238 268 100 119 52 9173 656 111 0 9340 660
10000 1 0 50 1199 569 3070 261 51 1233 568 3218 276 100 108 67 9198 627 111 0 9368 632
10000 1 0 50 1143 621 3073 262 51 1161 635 3225 274 100 105 70 9173 652 111 0 9343 657
10000 1 0 50 1176 589 3083 251 51 1189 610 3237 259 100 111 62 9205 622 111 0 9376 624
10000 1 0 50 1201 558 3073 267 51 1214 580 3225 276 100 119 56 9168 657 111 0 9338 662
10000 1 0 50 1231 543 3067 258 51 1241 567 3223 264 100 118 59 9175 648 110 0 9344 656
10000 1 0 50 1161 602 3070 266 51 1168 632 3221 274 100 114 58 9184 644 110 0 9351 649
10000 1 0 50 1193 574 3072 260 51 1214 589 3219 273 100 115 57 9154 674 111 0 9324 676
10000 1 0 50 1156 614 3085 244 51 1183 622 3236 254 100 115 58 9181 646 110 0 9345 655
10000 1 0 50 1172 590 3049 288 51 1198 598 3202 297 100 117 55 9165 663 111 0 9328 672
10000 1 0 50 1190 585 3050 274 51 1214 595 3202 284 100 107 66 9160 667 111 0 9328 672
10000 1 0 50 1182 578 3080 259 51 1213 582 3227 273 100 115 50 9220 615 111 0 9379 621
10000 1 0 50 1139 617 3071 272 51 1153 633 3225 284 100 120 51 9170 659 111 0 9337 663
10000 1 0 50 1157 596 3092 254 51 1161 617 3246 271 100 115 60 9165 660 110 0 9335 665
10000 1 0 50 1183 575 3053 288 51 1207 583 3207 298 100 93 80 9176 651 111 0 9343 657
10000 1 0 50 1161 608 3054 276 51 1190 614 3207 284 100 101 76 9188 635 111 0 9362 638
10000 1 0 50 1197 577 3076 249 51 1224 581 3232 258 100 120 53 9194 633 111 0 9360 640
10000 1 0 50 1187 578 3056 278 51 1206 594 3210 285 100 103 71 9162 664 111 0 9334 666
10000 1 0 50 1183 572 3066 278 51 1195 592 3218 290 100 106 65 9169 660 111 0 9331 669
10000 1 0 50 1123 637 3053 286 51 1143 646 3206 300 100 114 53 9112 721 111 0 9276 724
10000 1 0 50 1156 610 3057 276 51 1182 621 3206 286 100 100 73 9175 652 110 0 9340 660
10000 1 0 50 1186 580 3072 261 51 1197 598 3225 275 100 100 73 9204 623 111 0 9374 626
10000 1 0 50 1170 577 3076 276 51 1201 583 3228 283 100 102 66 9152 680 111 0 9317 683
10000 1 0 50 1185 570 3057 287 51 1210 582 3208 295 100 111 61 9144 684 111 0 9313 687
10000 1 0 50 1194 573 3063 269 51 1214 587 3216 278 100 112 63 9174 651 111 0 9344 656
10000 1 0 50 1156 607 3076 260 51 1200 595 3226 274 100 117 55 9164 664 111 0 9333 667
10000 1 0 50 1145 629 3077 248 51 1178 622 3234 261 100 106 67 9163 664 111 0 9334 666
10000 1 0 50 1174 590 3075 260 51 1184 611 3225 275 100 106 65 9167 662 111 0 9333 667
10000 1 0 50 1178 597 3065 259 51 1181 623 3223 268 100 111 62 9156 671 111 0 9325 675
10000 1 0 50 1159 616 3070 254 51 1167 637 3225 266 100 116 58 9156 670 111 0 9328 672
10000 1 0 50 1175 598 3100 226 51 1179 620 3252 244 100 113 60 9221 606 111 0 9389 611
10000 1 0 50 1149 608 3049 293 51 1153 627 3206 309 100 112 58 9140 690 111 0 9305 695
10000 1 0 50 1156 609 3056 278 51 1177 616 3211 291 100 112 61 9149 678 111 0 9318 682
10000 1 0 50 1174 584 3069 272 51 1204 584 3221 286 100 111 64 9163 662 111 0 9334 666
10000 1 0 50 1144 622 3069 264 51 1163 634 3217 281 100 107 62 9171 660 111 0 9333 667
10000 1 0 50 1170 592 3046 291 51 1202 596 3200 297 100 106 68 9162 664 111 0 9331 669
10000 1 0 50 1204 564 3087 244 51 1216 586 3242 251 100 111 61 9187 641 111 0 9353 647
10000 1 0 50 1154 613 3097 235 51 1182 621 3245 247 100 117 60 9176 647 111 0 9347 653
10000 1 0 50 1194 574 3084 247 51 1216 582 3235 262 100 107 66 9180 647 111 0 9349 651
10000 1 0 50 1186 582 3063 268 51 1201 600 3212 282 100 116 57 9200 627 111 0 9369 631
10000 1 0 50 1198 574 3072 255 51 1209 583 3230 273 100 125 49 9177 649 111 0 9345 655
10000 1 0 50 1141 624 3072 262 51 1174 621 3228 272 100 118 53 9189 640 111 0 9358 642
10000 1 0 50 1162 602 3049 286 51 1176 622 3199 298 100 112 58 9111 719 111 0 9276 724
10000 1 0 50 1150 616 3064 269 51 1180 620 3213 282 100 103 71 9164 662 111 0 9333 667
10000 1 0 50 1173 596 3064 266 51 1194 608 3218 275 100 104 66 9209 621 111 0 9372 628
10000 1 0 50 1173 596 3067 263 51 1187 611 3222 275 100 113 62 9139 686 111 0 9311 689
10000 1 0 50 1171 591 3070 267 51 1190 599 3228 278 100 106 64 9154 676 111 0 9320 680
10000 1 0 50 1152 604 3071 272 51 1178 610 3223 284 100 115 59 9169 657 111 0 9338 662
10000 1 0 50 1153 605 3087 254 51 1186 610 3239 260 100 115 56 9184 645 111 0 9352 648
10000 1 0 50 1175 608 3049 267 51 1190 617 3205 283 100 118 57 9210 615 111 0 9381 619
10000 1 0 50 1171 600 3095 233 51 1187 613 3247 248 100 104 68 9165 663 111 0 9329 671
10000 1 0 50 1196 574 3086 243 51 1208 591 3240 256 100 110 61 9157 672 111 0 9325 675
10000 1 0 50 1165 599 3062 273 51 1187 610 3214 284 100 109 59 9150 682 111 0 9312 688
10000 1 0 50 1170 609 3083 237 51 1192 614 3237 252 100 102 72 9202 624 111 0 9373 627
10000 1 0 50 1140 635 3080 244 51 1141 654 3237 263 100 115 63 9180 642 111 0 9352 648
10000 1 0 50 1200 573 3056 270 51 1234 569 3211 281 100 111 57 9188 644 110 0 9347 653
10000 1 0 50 1197 568 3077 257 51 1210 593 3231 261 100 117 54 9190 639 111 0 9355 645
10000 1 0 50 1176 594 3061 268 51 1197 594 3219 285 100 107 68 9159 666 111 0 9331 669
10000 1 0 50 1184 581 3090 244 51 1199 600 3242 254 100 114 59 9190 637 111 0 9361 639
10000 1 0 50 1152 613 3066 268 51 1179 622 3217 277 100 110 61 9180 649 111 0 9350 650
10000 1 0 50 1174 586 3065 274 51 1192 606 3215 282 100 110 66 9175 649 110 0 9346 654
10000 1 0 50 1173 601 3047 278 51 1182 625 3199 289 100 114 62 9161 663 111 0 9332 668
10000 1 0 50 1168 596 3075 260 51 1185 610 3230 270 100 121 54 9162 663 111 0 9335 665
10000 1 0 50 1192 574 3081 252 51 1217 585 3234 259 100 112 62 9247 579 111 0 9414 586
10000 1 0 50 1142 610 3084 263 51 1168 627 3228 272 100 123 53 9192 632 111 0 9363 637
10000 1 0 50 1218 551 3080 250 51 1236 567 3227 265 100 113 60 9172 655 110 0 9341 659
10000 1 0 50 1191 581 3056 271 51 1206 599 3210 280 100 104 64 9211 621 111 0 9372 628
10000 1 0 50 1190 572 3074 263 51 1212 579 3226 278 100 109 64 9208 619 111 0 9374 626
10000 1 0 50 1215 562 3055 267 51 1246 558 3210 281 100 113 61 9181 645 111 0 9351 649
10000 1 0 50 1192 577 3071 259 51 1210 583 3225 277 100 112 67 9203 618 111 0 9372 628
10000 1 0 50 1129 639 3080 251 51 1154 643 3235 263 100 121 55 9186 638 111 0 9360 640
10000 1 0 50 1184 584 3060 271 51 1204 597 3218 276 100 112 63 9200 625 111 0 9370 630
10000 1 0 50 1174 594 3058 273 51 1195 606 3211 283 100 112 62 9199 627 111 0 9368 632
10000 1 0 50 1213 546 3085 255 51 1235 558 3234 268 100 117 53 9201 629 111 0 9370 630
10000 1 0 50 1171 601 3061 266 51 1196 603 3217 279 100 110 64 9168 658 111 0 9336 664
10000 1 0 50 1176 576 3069 278 51 1202 591 3218 284 100 98 69 9186 647 111 0 9353 647
10000 1 0 50 1128 619 3061 291 51 1173 609 3208 305 100 117 60 9133 690 111 0 9306 694
10000 1 0 50 1143 617 3065 274 51 1159 625 3223 288 100 105 72 9172 651 111 0 9343 657
10000 1 0 50 1124 648 3086 241 51 1149 651 3239 256 100 107 67 9188 638 111 0 9360 640
10000 1 0 50 1166 603 3067 263 51 1190 610 3220 275 100 118 55 9206 621 111 0 9377 623
10000 1 0 50 1163 604 3092 240 51 1176 620 3251 248 100 119 59 9203 619 111 0 9372 628
10000 1 0 50 1184 576 3088 251 51 1217 580 3240 258 100 116 59 9225 600 111 0 9398 602
10000 1 0 50 1183 585 3063 268 51 1182 602 3224 287 100 113 61 9168 658 111 0 9338 662
10000 1 0 50 1145 614 3097 243 51 1159 628 3251 257 100 111 62 9191 636 111 0 9361 639
10000 1 0 50 1167 587 3084 261 51 1183 603 3237 272 100 111 64 9181 644 111 0 9352 648
10000 1 0 50 1170 593 3059 277 51 1183 611 3212 289 100 111 61 9167 661 111 0 9337 663
10000 1 0 50 1153 614 3090 242 51 1163 635 3246 251 100 113 53 9202 632 111 0 9366 634
10000 1 0 50 1164 600 3054 281 51 1179 619 3210 287 100 108 71 9186 635 111 0 9358 642
10000 1 0 50 1120 638 3044 297 51 1148 638 3193 316 100 106 66 9129 699 111 0 9295 705
10000 1 0 50 1128 633 3071 267 51 1148 645 3225 277 100 117 56 9140 687 111 0 9313 687
10000 1 0 50 1167 598 3076 258 51 1206 593 3229 267 100 105 64 9171 660 111 0 9337 663
10000 1 0 50 1196 582 3048 273 51 1210 597 3204 284 100 104 65 9173 658 111 0 9334 666
10000 1 0 50 1161 609 3085 244 51 1168 633 3246 248 100 114 56 9176 654 111 0 9343 657
10000 1 0 50 1186 583 3062 268 51 1195 603 3216 281 100 117 54 9152 677 111 0 9314 686
10000 1 0 50 1182 584 3051 282 51 1185 612 3205 293 100 108 67 9189 636 111 0 9356 644
10000 1 0 50 1152 598 3054 295 51 1165 608 3215 307 100 119 54 9152 675 111 0 9322 678
10000 1 0 50 1156 605 3054 284 51 1179 616 3205 295 100 107 63 9186 644 111 0 9352 648
10000 1 0 50 1173 588 3051 287 51 1199 600 3203 293 100 114 64 9141 681 111 0 9316 684
10000 1 0 50 1205 564 3085 245 51 1215 580 3240 260 100 109 62 9190 639 110 0 9359 641
10000 1 0 50 1186 582 3068 263 51 1202 591 3225 277 100 113 61 9171 655 111 0 9340 660
10000 1 0 50 1150 608 3068 273 51 1186 608 3214 287 100 119 57 9149 675 111 0 9322 678
10000 1 0 50 1190 584 3071 254 51 1208 592 3224 271 100 119 54 9184 643 110 0 9354 646
10000 1 0 50 1135 623 3074 267 51 1157 633 3227 278 100 109 61 9173 657 110 0 9341 659
10000 1 0 50 1177 597 3061 264 51 1197 607 3213 278 100 111 59 9180 650 111 0 9345 655
10000 1 0 50 1160 590 3080 269 51 1178 615 3228 274 100 114 58 9217 611 111 0 9386 614
10000 1 0 50 1171 602 3068 258 51 1188 612 3225 270 100 109 62 9198 631 111 0 9360 640
10000 1 0 50 1175 590 3072 262 51 1189 610 3227 269 100 103 70 9166 661 111 0 9334 666
10000 1 0 50 1180 597 3076 246 51 1195 607 3230 263 100 106 63 9197 634 111 0 9360 640
10000 1 0 50 1193 575 3061 270 51 1201 585 3221 288 100 113 61 9140 686 111 0 9310 690
10000 1 0 50 1186 574 3075 264 51 1186 606 3231 272 100 106 66 9190 638 111 0 9355 645
10000 1 0 50 1163 605 3069 262 51 1193 603 3226 273 100 110 61 9174 655 111 0 9341 659
10000 1 0 50 1147 613 3071 268 51 1174 620 3225 276 100 104 65 9162 669 111 0 9331 669
10000 1 0 50 1204 562 3063 270 51 1229 574 3216 276 100 112 60 9191 637 111 0 9360 640
10000 1 0 50 1168 587 3056 288 51 1186 594 3208 307 100 119 56 9178 647 111 0 9350 650
10000 1 0 50 1188 583 3066 262 51 1195 603 3220 277 100 106 68 9157 669 111 0 9326 674
10000 1 0 50 1167 590 3077 265 51 1201 590 3229 275 100 112 59 9177 652 111 0 9343 657
10000 1 0 50 1155 615 3056 273 51 1175 625 3211 284 100 114 58 9148 680 111 0 9318 682
10000 1 0 50 1149 619 3075 256 51 1169 628 3227 271 100 110 66 9197 627 111 0 9370 630
10000 1 0 50 1173 603 3086 237 51 1185 612 3245 253 100 114 59 9184 643 111 0 9353 647
10000 1 0 50 1155 615 3073 256 51 1175 634 3222 264 100 99 68 9185 648 110 0 9343 657
10000 1 0 50 1171 593 3078 257 51 1178 612 3234 271 100 106 64 9177 653 111 0 9341 659
10000 1 0 50 1185 581 3073 260 51 1219 581 3223 272 100 112 62 9179 647 111 0 9350 650
10000 1 0 50 1149 606 3074 270 51 1174 624 3221 276 100 109 65 9191 635 111 0 9360 640
10000 1 0 50 1183 586 3077 253 51 1206 590 3234 265 100 112 63 9194 631 111 0 9363 637
10000 1 0 50 1166 604 3090 239 51 1184 622 3242 247 100 111 61 9212 616 111 0 9379 621
10000 1 0 50 1178 579 3064 278 51 1210 574 3215 296 100 106 67 9163 664 111 0 9333 667
10000 1 0 50 1191 578 3069 261 51 1215 586 3226 268 100 123 52 9160 665 111 0 9331 669
10000 1 0 50 1194 579 3037 289 51 1210 603 3186 296 100 110 64 9177 649 111 0 9349 651
10000 1 0 50 1175 589 3068 267 51 1184 609 3225 277 100 114 54 9185 647 111 0 9347 653
10000 1 0 50 1173 586 3087 253 51 1191 605 3235 264 100 113 60 9217 610 111 0 9384 616
10000 1 0 50 1188 578 3051 282 51 1207 592 3203 293 100 125 49 9193 633 111 0 9364 636
10000 1 0 50 1138 622 3073 266 51 1163 627 3224 281 100 114 59 9137 690 111 0 9303 697
10000 1 0 50 1174 596 3083 246 51 1196 607 3231 261 100 115 57 9189 639 111 0 9356 644
10000 1 0 50 1159 601 3072 267 51 1181 613 3226 275 100 118 55 9205 622 110 0 9370 630
10000 1 0 50 1174 598 3056 271 51 1213 589 3208 285 100 109 60 9145 686 111 0 9313 687
10000 1 0 50 1193 568 3072 266 51 1224 568 3228 275 100 113 59 9171 657 111 0 9338 662
10000 1 0 50 1149 615 3067 268 51 1194 606 3215 280 100 123 52 9159 666 111 0 9331 669
10000 1 0 50 1185 574 3067 273 51 1200 594 3217 284 100 107 69 9190 634 111 0 9363 637
10000 1 0 50 1216 551 3079 253 51 1230 569 3234 262 100 112 62 9204 622 111 0 9375 625
10000 1 0 50 1163 608 3057 271 51 1182 626 3209 278 100 114 61 9169 656 111 0 9340 660
10000 1 0 50 1233 542 3044 280 51 1252 550 3199 294 100 106 70 9162 662 111 0 9330 670
10000 1 0 50 1177 576 3074 272 51 1206 569 3231 289 100 113 62 9166 659 111 0 9335 665
10000 1 0 50 1156 607 3085 251 51 1158 634 3236 267 100 116 55 9170 659 110 0 9333 667
10000 1 0 50 1144 610 3069 276 51 1169 611 3223 292 100 114 60 9129 697 111 0 9299 701
10000 1 0 50 1136 613 3089 261 51 1146 638 3240 271 100 112 66 9163 659 110 0 9335 665
10000 1 0 50 1182 582 3063 272 51 1192 607 3214 282 100 99 75 9180 646 111 0 9349 651
10000 1 0 50 1183 583 3084 249 51 1200 592 3238 265 100 117 54 9207 622 111 0 9373 627
10000 1 0 50 1184 583 3060 272 51 1199 595 3219 282 100 106 68 9180 646 111 0 9350 650
10000 1 0 50 1142 618 3061 278 51 1158 632 3219 286 100 111 63 9138 688 111 0 9307 693
10000 1 0 50 1175 590 3094 240 51 1178 622 3249 246 100 124 45 9171 660 111 0 9338 662
10000 1 0 50 1179 600 3092 228 51 1197 604 3248 246 100 120 54 9188 638 111 0 9357 643
10000 1 0 50 1156 608 3057 278 51 1174 621 3212 288 100 127 43 9130 700 111 0 9298 702
10000 1 0 50 1191 580 3082 246 51 1220 588 3231 256 100 116 56 9202 626 111 0 9369 631
10000 1 0 50 1180 583 3065 271 51 1180 616 3217 282 100 110 67 9188 635 111 0 9359 641
10000 1 0 50 1160 607 3068 264 51 1189 600 3224 282 100 107 62 9176 655 111 0 9339 661
10000 1 0 50 1174 597 3078 250 51 1195 604 3237 259 100 110 63 9206 621 111 0 9373 627
10000 1 0 50 1145 618 3069 267 51 1182 617 3216 280 100 112 63 9155 670 111 0 9323 677
10000 1 0 50 1148 609 3070 272 51 1166 631 3218 280 100 99 74 9156 671 111 0 9323 677
10000 1 0 50 1138 633 3071 257 51 1163 636 3226 270 100 108 63 9177 652 111 0 9341 659
10000 1 0 50 1177 579 3060 283 51 1205 592 3207 291 100 107 71 9186 636 111 0 9359 641
10000 1 0 50 1176 580 3049 294 51 1200 599 3196 300 100 111 61 9131 697 111 0 9298 702
10000 1 0 50 1135 632 3063 269 51 1163 639 3214 279 100 114 55 9190 641 111 0 9352 648
10000 1 0 50 1139 631 3042 287 51 1154 647 3196 298 100 109 64 9123 704 111 0 9293 707
10000 1 0 50 1166 592 3108 233 51 1197 592 3260 246 100 117 61 9203 619 110 0 9374 626
10000 1 0 50 1165 595 3083 256 51 1184 608 3234 269 100 104 72 9151 673 111 0 9319 681
10000 1 0 50 1163 604 3071 261 51 1194 600 3225 276 100 110 66 9216 608 111 0 9387 613
10000 1 0 50 1167 584 3072 276 51 1184 603 3222 286 100 117 53 9150 680 110 0 9314 686
10000 1 0 50 1170 596 3075 258 51 1188 608 3226 273 100 103 70 9148 679 111 0 9315 685
10000 1 0 50 1170 606 3091 232 51 1186 623 3246 240 100 113 61 9215 611 111 0 9384 616
10000 1 0 50 1153 598 3091 257 51 1170 611 3243 271 100 112 62 9202 624 111 0 9374 626
10000 1 0 50 1160 611 3065 263 51 1191 609 3220 275 100 105 61 9173 661 111 0 9332 668
10000 1 0 50 1172 592 3072 263 51 1205 589 3224 277 100 114 61 9180 645 111 0 9348 652
10000 1 0 50 1158 619 3091 231 51 1181 626 3246 242 100 97 75 9198 630 111 0 9366 634
10000 1 0 50 1146 608 3071 274 51 1167 622 3223 283 100 109 66 9176 649 111 0 9345 655
10000 1 0 50 1155 607 3072 265 51 1192 603 3224 276 100 118 58 9161 663 111 0 9329 671
10000 1 0 50 1165 605 3080 249 51 1180 621 3235 259 100 106 70 9158 666 111 0 9323 677
10000 1 0 50 1195 568 3044 292 51 1211 576 3202 306 100 116 58 9149 677 111 0 9322 678
10000 1 0 50 1191 575 3092 241 51 1200 594 3250 251 100 107 70 9200 623 110 0 9370 630
10000 1 0 50 1178 600 3067 254 51 1194 610 3222 269 100 123 50 9175 652 111 0 9345 655
10000 1 0 50 1161 602 3083 253 51 1166 629 3239 261 100 110 64 9194 632 111 0 9363 637
10000 1 0 50 1143 612 3094 250 51 1162 625 3248 260 100 117 63 9197 623 110 0 9372 628
10000 1 0 50 1176 596 3057 270 51 1195 605 3210 285 100 110 66 9200 624 111 0 9372 628
10000 1 0 50 1092 667 3090 250 51 1122 666 3239 268 100 111 61 9167 661 111 0 9336 664
10000 1 0 50 1157 614 3083 245 51 1169 631 3238 257 100 115 56 9176 653 111 0 9343 657
10000 1 0 50 1156 614 3076 253 51 1174 629 3229 263 100 117 58 9179 646 111 0 9350 650
10000 1 0 50 1193 576 3057 273 51 1226 577 3211 281 100 110 68 9183 639 111 0 9355 645
10000 1 0 50 1175 591 3063 270 51 1211 580 3219 285 100 97 69 9165 669 111 0 9326 674
10000 1 0 50 1165 599 3081 254 51 1197 601 3237 260 100 111 64 9184 641 111 0 9357 643
10000 1 0 50 1178 594 3050 277 51 1202 599 3205 289 100 114 62 9153 671 111 0 9324 676
10000 1 0 50 1186 573 3071 269 51 1205 589 3221 280 100 100 67 9158 675 111 0 9315 685
10000 1 0 50 1191 573 3070 265 51 1203 593 3225 274 100 111 61 9184 644 110 0 9352 648
10000 1 0 50 1145 613 3069 272 51 1165 632 3218 280 100 111 60 9165 664 111 0 9331 669
10000 1 0 50 1170 596 3064 269 51 1174 625 3218 278 100 102 69 9158 671 111 0 9321 679
10000 1 0 50 1148 613 3065 273 51 1174 621 3217 283 100 106 68 9176 650 111 0 9343 657
10000 1 0 50 1129 640 3090 240 51 1161 641 3241 252 100 112 65 9195 628 111 0 9367 633
10000 1 0 50 1169 583 3060 287 51 1189 592 3212 302 100 113 65 9177 645 111 0 9351 649
10000 1 0 50 1175 594 3092 238 51 1199 599 3247 250 100 112 58 9212 618 111 0 9379 621
10000 1 0 50 1131 634 3064 270 51 1159 634 3212 290 100 110 60 9148 682 111 0 9313 687
10000 1 0 50 1166 604 3074 255 51 1187 611 3229 268 100 108 61 9211 620 111 0 9376 624
10000 1 0 50 1130 627 3065 277 51 1152 644 3213 286 100 117 60 9138 685 111 0 9313 687
10000 1 0 50 1159 600 3063 277 51 1193 595 3219 288 100 112 59 9191 638 110 0 9359 641
10000 1 0 50 1158 608 3074 259 51 1184 612 3225 274 100 117 56 9175 652 111 0 9342 658
10000 1 0 50 1197 573 3055 274 51 1231 574 3203 287 100 108 65 9165 662 111 0 9330 670
10000 1 0 50 1174 588 3077 260 51 1189 598 3233 275 100 119 48 9171 662 111 0 9332 668
10000 1 0 50 1178 586 3056 279 51 1208 590 3211 286 100 118 54 9173 655 111 0 9340 660
10000 1 0 50 1172 609 3073 245 51 1186 624 3230 255 100 107 65 9174 654 111 0 9337 663
10000 1 0 50 1210 558 3087 244 51 1218 579 3242 256 100 108 64 9234 594 111 0 9403 597
10000 1 0 50 1154 616 3081 248 51 1182 620 3232 261 100 100 69 9193 638 111 0 9357 643
10000 1 0 50 1193 584 3042 280 51 1218 588 3198 291 100 117 54 9165 664 111 0 9332 668
10000 1 0 50 1162 593 3054 290 51 1177 615 3203 300 100 111 65 9140 684 110 0 9312 688
10000 1 0 50 1180 583 3081 255 51 1194 596 3235 270 100 110 61 9199 630 111 0 9369 631
10000 1 0 50 1162 603 3084 250 51 1177 615 3237 266 100 117 56 9175 652 111 0 9339 661
10000 1 0 50 1161 605 3112 221 51 1168 633 3265 229 100 109 61 9231 599 111 0 9399 601
10000 1 0 50 1171 596 3067 265 51 1186 603 3219 287 100 107 68 9169 656 111 0 9341 659
10000 1 0 50 1143 615 3068 273 51 1156 629 3221 289 100 104 71 9154 671 111 0 9326 674
10000 1 0 50 1151 606 3070 272 51 1177 613 3221 284 100 110 61 9195 634 111 0 9364 636
10000 1 0 50 1184 590 3066 259 51 1205 588 3219 283 100 113 60 9172 655 111 0 9341 659
10000 1 0 50 1136 603 3100 260 51 1160 618 3251 266 100 121 57 9162 660 110 0 9336 664
10000 1 0 50 1159 608 3091 241 51 1186 609 3249 251 100 118 56 9219 607 111 0 9388 612
10000 1 0 50 1194 572 3062 271 51 1217 581 3216 281 100 112 64 9201 623 111 0 9372 628
10000 1 0 50 1128 639 3071 261 51 1168 627 3224 276 100 121 53 9166 660 111 0 9337 663
10000 1 0 50 1164 598 3058 279 51 1188 607 3213 287 100 122 52 9163 663 111 0 9335 665
10000 1 0 50 1162 602 3067 268 51 1182 617 3216 280 100 120 50 9192 638 111 0 9360 640
10000 1 0 50 1198 560 3052 289 51 1220 571 3201 303 100 106 64 9121 709 110 0 9289 711
10000 1 0 50 1162 615 3111 211 51 1187 612 3272 224 100 105 68 9203 624 111 0 9371 629
10000 1 0 50 1183 587 3069 260 51 1200 602 3225 268 100 105 64 9169 662 111 0 9334 666
10000 1 0 50 1147 612 3067 273 51 1163 629 3221 282 100 117 58 9170 655 111 0 9343 657
10000 1 0 50 1164 597 3053 285 51 1185 607 3207 296 100 110 61 9171 658 111 0 9333 667
10000 1 0 50 1170 605 3074 250 51 1196 606 3229 264 100 109 60 9168 663 111 0 9332 668
10000 1 0 50 1198 567 3095 239 51 1209 583 3249 254 100 102 70 9183 645 111 0 9350 650
10000 1 0 50 1138 637 3079 245 51 1158 645 3233 259 100 124 51 9174 651 111 0 9346 654
10000 1 0 50 1167 613 3078 241 51 1187 616 3238 254 100 110 63 9226 601 111 0 9394 606
10000 1 0 50 1151 617 3069 262 51 1178 620 3220 277 100 119 48 9147 686 111 0 9312 688
10000 1 0 50 1162 594 3104 239 51 1191 601 3251 252 100 119 55 9182 644 111 0 9349 651
10000 1 0 50 1164 605 3065 265 51 1187 611 3218 279 100 104 63 9155 678 111 0 9314 686
10000 1 0 50 1193 581 3063 262 51 1200 602 3219 274 100 108 60 9138 694 111 0 9302 698
10000 1 0 50 1180 586 3068 265 51 1196 597 3225 277 100 107 64 9168 661 110 0 9332 668
10000 1 0 50 1151 609 3072 267 51 1167 630 3219 279 100 113 56 9166 665 111 0 9331 669
10000 1 0 50 1153 612 3086 248 51 1171 622 3240 262 100 117 54 9182 647 111 0 9347 653
10000 1 0 50 1176 588 3062 273 51 1197 596 3217 285 100 108 68 9156 668 111 0 9329 671
10000 1 0 50 1184 566 3068 281 51 1213 569 3222 291 100 110 61 9158 671 111 0 9324 676
10000 1 0 50 1160 611 3063 265 51 1203 594 3213 285 100 115 62 9200 623 111 0 9376 624
10000 1 0 50 1210 560 3064 265 51 1224 571 3219 281 100 107 64 9151 678 111 0 9315 685
10000 1 0 50 1209 562 3089 239 51 1234 562 3242 257 100 114 61 9169 656 111 0 9339 661
10000 1 0 50 1157 620 3076 246 51 1176 631 3231 257 100 120 55 9189 636 111 0 9363 637
10000 1 0 50 1191 578 3084 246 51 1207 590 3240 258 100 119 55 9208 618 110 0 9376 624
10000 1 0 50 1161 605 3083 250 51 1196 608 3230 261 100 111 66 9175 648 111 0 9347 653
10000 1 0 50 1195 573 3083 248 51 1207 596 3235 257 100 106 62 9175 657 111 0 9339 661
10000 1 0 50 1173 590 3050 286 51 1185 613 3203 294 100 116 57 9139 688 110 0 9306 694
10000 1 0 50 1147 610 3066 276 51 1173 612 3223 287 100 126 50 9143 681 111 0 9317 683
10000 1 0 50 1102 669 3053 275 51 1138 658 3206 293 100 110 62 9196 632 111 0 9365 635
10000 1 0 50 1164 598 3057 280 51 1177 611 3212 295 100 121 57 9151 671 111 0 9323 677
10000 1 0 50 1160 604 3070 265 51 1175 618 3228 274 100 117 53 9174 656 111 0 9337 663
10000 1 0 50 1197 573 3065 264 51 1212 596 3218 269 100 111 60 9187 642 111 0 9345 655
10000 1 0 50 1160 605 3083 251 51 1169 618 3239 269 100 110 62 9197 631 111 0 9364 636
10000 1 0 50 1142 608 3076 273 51 1166 611 3227 291 100 119 47 9159 675 111 0 9318 682
10000 1 0 50 1178 585 3090 246 51 1188 608 3245 254 100 112 57 9215 616 111 0 9379 621
10000 1 0 50 1168 596 3070 265 51 1188 609 3223 275 100 119 55 9171 655 111 0 9340 660
10000 1 0 50 1106 660 3098 235 51 1123 674 3252 246 100 110 64 9168 658 110 0 9337 663
10000 1 0 50 1174 581 3054 290 51 1185 603 3208 299 100 111 63 9165 661 111 0 9335 665
10000 1 0 50 1173 586 3102 238 51 1196 598 3252 249 100 108 62 9216 614 111 0 9384 616
10000 1 0 50 1172 586 3075 266 51 1199 593 3227 276 100 107 62 9166 665 111 0 9330 670
10000 1 0 50 1177 586 3071 265 51 1203 590 3224 278 100 110 63 9178 649 111 0 9342 658
10000 1 0 50 1175 599 3058 267 51 1200 600 3216 279 100 108 64 9183 645 111 0 9350 650
10000 1 0 50 1190 576 3045 288 51 1213 581 3199 302 100 121 51 9099 729 111 0 9270 730
10000 1 0 50 1173 597 3060 269 51 1194 604 3213 284 100 104 64 9174 658 111 0 9337 663
10000 1 0 50 1179 586 3081 253 51 1187 616 3232 260 100 118 57 9183 642 111 0 9354 646
10000 1 0 50 1166 593 3091 249 51 1190 604 3241 260 100 108 56 9181 655 111 0 9341 659
10000 1 0 50 1215 543 3062 279 51 1223 568 3217 287 100 109 63 9162 666 111 0 9331 669
10000 1 0 50 1154 618 3049 278 51 1176 627 3201 291 100 110 65 9152 673 111 0 9323 677
10000 1 0 50 1144 608 3076 271 51 1158 633 3223 281 100 98 74 9171 657 111 0 9336 664
10000 1 0 50 1163 617 3056 263 51 1191 619 3211 274 100 110 66 9188 636 111 0 9359 641
10000 1 0 50 1188 585 3091 235 51 1192 616 3245 242 100 106 67 9186 641 111 0 9354 646
10000 1 0 50 1156 607 3055 281 51 1171 624 3210 290 100 105 69 9147 679 111 0 9314 686
10000 1 0 50 1221 554 3071 253 51 1245 557 3225 268 100 105 65 9199 631 111 0 9365 635
10000 1 0 50 1173 587 3041 298 51 1182 606 3194 313 100 113 60 9152 675 110 0 9319 681
10000 1 0 50 1154 601 3075 269 51 1179 611 3227 278 100 111 59 9176 654 111 0 9341 659
10000 1 0 50 1124 635 3059 281 51 1144 651 3210 290 100 114 61 9142 683 111 0 9315 685
10000 1 0 50 1156 609 3066 268 51 1179 619 3218 279 100 110 66 9158 666 111 0 9331 669
10000 1 0 50 1171 596 3041 291 51 1174 625 3197 299 100 110 64 9146 680 111 0 9312 688
10000 1 0 50 1181 578 3063 277 51 1212 583 3212 288 100 104 73 9165 658 111 0 9337 663
10000 1 0 50 1197 563 3068 271 51 1225 571 3221 278 100 109 67 9181 643 111 0 9353 647
10000 1 0 50 1178 595 3076 250 51 1197 609 3227 262 100 94 77 9217 612 111 0 9385 615
10000 1 0 50 1148 611 3102 238 51 1162 619 3260 254 100 119 55 9178 648 111 0 9349 651
10000 1 0 50 1157 607 3080 255 51 1178 618 3228 271 100 92 80 9181 647 111 0 9345 655
10000 1 0 50 1155 603 3067 274 51 1179 613 3214 289 100 114 56 9191 639 111 0 9357 643
10000 1 0 50 1170 594 3046 289 51 1200 601 3198 296 100 102 65 9159 674 111 0 9321 679
10000 1 0 50 1155 611 3063 270 51 1167 629 3217 282 100 112 59 9162 667 110 0 9327 673
10000 1 0 50 1197 567 3081 254 51 1215 587 3232 261 100 113 61 9169 657 111 0 9339 661
10000 1 0 50 1203 563 3071 262 51 1214 586 3228 267 100 106 67 9152 675 111 0 9322 678
10000 1 0 50 1197 583 3057 262 51 1205 605 3215 270 100 105 71 9179 645 111 0 9349 651
10000 1 0 50 1180 581 3073 265 51 1196 605 3224 270 100 99 74 9180 647 111 0 9350 650
10000 1 0 50 1177 593 3056 273 51 1210 589 3209 287 100 108 64 9128 700 111 0 9291 709
10000 1 0 50 1157 608 3089 245 51 1175 621 3241 258 100 108 66 9178 648 110 0 9344 656
10000 1 0 50 1154 615 3045 285 51 1161 637 3202 295 100 103 68 9138 691 111 0 9306 694
10000 1 0 50 1153 612 3075 259 51 1165 628 3233 269 100 112 57 9159 672 111 0 9324 676
10000 1 0 50 1168 601 3082 248 51 1185 608 3237 265 100 116 61 9154 669 111 0 9324 676
10000 1 0 50 1172 595 3068 264 51 1195 603 3222 275 100 98 70 9154 678 110 0 9320 680
10000 1 0 50 1193 561 3084 261 51 1219 575 3233 268 100 109 61 9170 660 111 0 9336 664
10000 1 0 50 1134 623 3078 264 51 1166 625 3229 275 100 116 59 9144 681 111 0 9315 685
10000 1 0 50 1165 594 3066 274 51 1164 621 3224 286 100 105 67 9147 681 111 0 9311 689
10000 1 0 50 1157 595 3091 256 51 1178 613 3239 265 100 106 69 9189 636 111 0 9358 642
10000 1 0 50 1216 561 3067 255 51 1237 563 3227 268 100 108 62 9193 637 111 0 9358 642
10000 1 0 50 1132 636 3086 245 51 1156 633 3244 262 100 120 55 9156 669 111 0 9328 672
10000 1 0 50 1198 559 3072 270 51 1216 572 3223 284 100 114 57 9180 649 110 0 9345 655
10000 1 0 50 1152 602 3066 279 51 1175 615 3213 292 100 107 68 9154 671 111 0 9326 674
10000 1 0 50 1182 583 3090 244 51 1204 597 3244 250 100 115 62 9195 628 111 0 9367 633
10000 1 0 50 1207 547 3077 268 51 1235 556 3224 280 100 107 62 9169 662 111 0 9329 671
10000 1 0 50 1163 587 3078 271 51 1166 618 3225 286 100 117 58 9146 679 111 0 9317 683
10000 1 0 50 1183 582 3071 263 51 1196 596 3225 278 100 108 61 9177 654 111 0 9340 660
10000 1 0 50 1158 616 3087 238 51 1168 636 3241 250 100 119 50 9221 610 111 0 9386 614
10000 1 0 50 1163 605 3075 256 51 1197 595 3229 274 100 112 60 9186 642 111 0 9350 650
10000 1 0 50 1158 604 3073 264 51 1183 612 3227 273 100 100 72 9181 647 111 0 9348 652
10000 1 0 50 1157 615 3079 248 51 1179 621 3237 258 100 107 66 9201 626 111 0 9371 629
10000 1 0 50 1153 613 3074 259 51 1194 603 3227 271 100 110 64 9210 616 111 0 9380 620
10000 1 0 50 1191 587 3078 243 51 1209 597 3236 253 100 118 55 9216 611 111 0 9389 611
10000 1 0 50 1152 607 3094 246 51 1162 627 3244 262 100 103 68 9194 635 111 0 9355 645
10000 1 0 50 1160 596 3049 294 51 1182 607 3201 305 100 110 66 9152 672 111 0 9322 678
10000 1 0 50 1190 582 3073 254 51 1204 602 3224 265 100 118 59 9185 638 111 0 9354 646
10000 1 0 50 1163 591 3075 270 51 1175 620 3221 279 100 118 56 9199 627 111 0 9371 629
10000 1 0 50 1142 613 3075 269 51 1174 612 3222 287 100 108 63 9151 678 110 0 9318 682
10000 1 0 50 1166 594 3053 286 51 1187 603 3207 298 100 109 62 9177 652 111 0 9344 656
10000 1 0 50 1187 573 3062 277 51 1193 605 3214 283 100 113 60 9156 671 111 0 9324 676
10000 1 0 50 1169 605 3072 253 51 1184 619 3227 265 100 103 67 9174 656 111 0 9341 659
10000 1 0 50 1185 577 3070 267 51 1210 598 3218 269 100 107 68 9156 669 111 0 9325 675
10000 1 0 50 1148 618 3023 310 51 1167 635 3177 316 100 114 55 9133 698 111 0 9297 703
10000 1 0 50 1188 585 3071 255 51 1214 581 3225 275 100 115 53 9161 671 111 0 9328 672
10000 1 0 50 1171 592 3055 281 51 1177 608 3215 295 100 112 65 9161 662 111 0 9330 670
10000 1 0 50 1185 590 3070 254 51 1198 608 3225 264 100 104 67 9180 649 111 0 9343 657
10000 1 0 50 1157 598 3040 304 51 1191 591 3190 323 100 96 75 9126 703 111 0 9289 711
10000 1 0 50 1127 643 3087 242 51 1138 659 3243 255 100 108 62 9174 656 111 0 9339 661
10000 1 0 50 1161 602 3058 278 51 1165 623 3211 296 100 124 53 9135 688 111 0 9309 691
10000 1 0 50 1143 612 3048 296 51 1164 622 3202 307 100 104 61 9150 685 111 0 9313 687
10000 1 0 50 1181 570 3066 282 51 1194 589 3218 294 100 113 61 9143 683 111 0 9309 691
10000 1 0 50 1183 577 3082 257 51 1195 597 3232 271 100 111 63 9171 655 111 0 9343 657
10000 1 0 50 1170 592 3073 264 51 1191 599 3225 280 100 114 58 9156 672 111 0 9327 673
10000 1 0 50 1191 581 3067 260 51 1199 606 3219 271 100 110 65 9175 650 111 0 9348 652
10000 1 0 50 1137 641 3094 227 51 1169 638 3250 238 100 105 65 9215 615 111 0 9383 617
10000 1 0 50 1168 591 3069 271 51 1194 591 3226 284 100 98 73 9162 667 111 0 9326 674
10000 1 0 50 1170 592 3065 272 51 1175 623 3215 282 100 110 63 9144 683 111 0 9309 691
10000 1 0 50 1166 607 3069 257 51 1204 596 3222 273 100 105 62 9200 633 111 0 9363 637
10000 1 0 50 1149 601 3065 284 51 1169 612 3213 301 100 110 65 9154 671 111 0 9325 675
10000 1 0 50 1153 600 3059 287 51 1168 614 3211 302 100 125 53 9180 642 111 0 9356 644
10000 1 0 50 1172 582 3084 261 51 1197 591 3234 273 100 108 67 9201 624 111 0 9369 631
10000 1 0 50 1155 606 3061 277 51 1176 615 3216 288 100 120 48 9149 683 111 0 9311 689
10000 1 0 50 1164 585 3077 273 51 1201 580 3231 283 100 105 68 9146 681 111 0 9318 682
10000 1 0 50 1139 624 3091 245 51 1160 632 3247 256 100 95 75 9220 610 111 0 9387 613
10000 1 0 50 1159 621 3087 232 51 1191 620 3240 244 100 113 59 9199 629 110 0 9370 630
10000 1 0 50 1162 601 3060 276 51 1178 615 3215 287 100 109 64 9106 721 111 0 9272 728
10000 1 0 50 1160 604 3044 291 51 1189 605 3197 304 100 113 57 9172 658 111 0 9339 661
10000 1 0 50 1145 614 3077 263 51 1177 619 3228 271 100 110 64 9206 620 110 0 9371 629
10000 1 0 50 1161 596 3075 267 51 1163 627 3231 274 100 109 62 9189 640 111 0 9356 644
10000 1 0 50 1149 617 3067 266 51 1175 625 3218 277 100 106 66 9168 660 111 0 9336 664
10000 1 0 50 1168 578 3082 271 51 1214 560 3235 286 100 99 71 9220 610 111 0 9383 617
10000 1 0 50 1160 615 3064 260 51 1177 632 3220 266 100 102 70 9173 655 111 0 9338 662
10000 1 0 50 1158 600 3074 267 51 1189 605 3224 277 100 116 54 9177 653 111 0 9343 657
10000 1 0 50 1175 577 3074 273 51 1195 594 3225 281 100 111 65 9155 669 111 0 9326 674
10000 1 0 50 1175 595 3057 272 51 1205 585 3215 290 100 113 61 9167 659 111 0 9336 664
10000 1 0 50 1181 586 3078 254 51 1204 589 3236 266 100 119 57 9175 649 111 0 9346 654
10000 1 0 50 1156 607 3047 289 51 1156 634 3203 302 100 117 56 9134 693 111 0 9302 698
10000 1 0 50 1163 597 3085 254 51 1177 618 3236 264 100 113 61 9198 628 111 0 9367 633
10000 1 0 50 1162 600 3061 276 51 1168 626 3214 287 100 114 61 9151 674 111 0 9324 676
10000 1 0 50 1161 602 3075 261 51 1174 622 3225 274 100 111 62 9185 642 111 0 9355 645
10000 1 0 50 1146 606 3063 284 51 1170 615 3217 293 100 108 67 9158 667 111 0 9327 673
10000 1 0 50 1174 597 3047 281 51 1190 616 3199 290 100 115 60 9148 677 111 0 9321 679
10000 1 0 50 1174 590 3067 268 51 1192 610 3212 281 100 114 59 9137 690 111 0 9306 694
10000 1 0 50 1171 589 3072 267 51 1198 590 3223 284 100 119 57 9193 631 111 0 9367 633
10000 1 0 50 1180 582 3085 252 51 1197 595 3239 264 100 109 65 9201 625 111 0 9368 632
10000 1 0 50 1167 610 3094 228 51 1196 617 3246 236 100 111 62 9207 620 111 0 9372 628
10000 1 0 50 1194 569 3079 257 51 1207 586 3235 267 100 113 63 9177 647 111 0 9348 652
10000 1 0 50 1186 568 3088 257 51 1228 559 3239 269 100 105 67 9191 637 111 0 9359 641
10000 1 0 50 1179 581 3060 279 51 1210 592 3207 286 100 105 68 9161 666 110 0 9331 669
10000 1 0 50 1177 585 3042 295 51 1195 600 3190 310 100 120 55 9120 705 110 0 9288 712
10000 1 0 50 1166 601 3074 258 51 1185 610 3224 276 100 124 51 9128 697 111 0 9301 699
10000 1 0 50 1193 567 3085 254 51 1204 591 3235 265 100 101 72 9188 639 111 0 9352 648
10000 1 0 50 1151 616 3085 247 51 1174 618 3240 263 100 111 65 9199 625 111 0 9370 630
10000 1 0 50 1148 620 3071 260 51 1174 621 3227 273 100 109 69 9171 651 111 0 9342 658
10000 1 0 50 1186 576 3078 259 51 1199 594 3234 268 100 119 57 9154 670 111 0 9327 673
10000 1 0 50 1200 583 3075 241 51 1214 589 3235 257 100 105 68 9155 672 111 0 9325 675
10000 1 0 50 1133 634 3074 258 51 1152 646 3227 270 100 117 58 9209 616 111 0 9377 623
10000 1 0 50 1199 557 3050 293 51 1246 549 3197 303 100 118 55 9133 694 111 0 9303 697
10000 1 0 50 1185 579 3062 273 51 1192 605 3217 281 100 109 65 9164 662 111 0 9336 664
10000 1 0 50 1174 594 3089 242 51 1188 611 3244 252 100 118 55 9203 624 111 0 9373 627
10000 1 0 50 1137 623 3084 255 51 1170 622 3234 269 100 112 60 9229 599 111 0 9396 604
10000 1 0 50 1162 604 3079 254 51 1170 631 3233 261 100 114 58 9196 632 110 0 9360 640
10000 1 0 50 1159 610 3082 248 51 1168 636 3236 255 100 119 53 9184 644 111 0 9355 645
10000 1 0 50 1175 606 3054 264 51 1193 620 3206 276 100 111 60 9192 637 110 0 9358 642
10000 1 0 50 1175 593 3061 270 51 1197 601 3217 280 100 122 49 9138 691 111 0 9305 695
10000 1 0 50 1139 631 3078 251 51 1152 652 3232 259 100 116 54 9169 661 111 0 9335 665
10000 1 0 50 1170 592 3056 281 51 1192 600 3210 293 100 108 64 9167 661 111 0 9335 665
10000 1 0 50 1174 580 3096 249 51 1191 600 3247 257 100 106 64 9184 646 111 0 9351 649
10000 1 0 50 1170 584 3077 268 51 1196 592 3229 278 100 115 58 9212 615 110 0 9378 622
10000 1 0 50 1166 595 3070 268 51 1182 604 3225 284 100 113 62 9184 641 111 0 9357 643
10000 1 0 50 1182 583 3067 267 51 1202 592 3222 279 100 106 67 9192 635 111 0 9361 639
10000 1 0 50 1192 578 3067 262 51 1205 601 3220 269 100 117 57 9173 653 111 0 9344 656
10000 1 0 50 1150 619 3081 249 51 1163 640 3237 255 100 101 68 9197 634 111 0 9363 637
10000 1 0 50 1156 613 3048 282 51 1171 622 3205 297 100 110 60 9150 680 111 0 9315 685
10000 1 0 50 1168 592 3020 319 51 1187 598 3175 335 100 110 67 9109 714 111 0 9281 719
10000 1 0 50 1175 588 3049 287 51 1197 597 3202 299 100 102 72 9154 672 111 0 9324 676
10000 1 0 50 1162 595 3093 249 51 1189 593 3244 269 100 113 59 9170 658 111 0 9337 663
10000 1 0 50 1154 608 3054 283 51 1161 631 3209 294 100 115 58 9174 653 111 0 9343 657
10000 1 0 50 1197 563 3074 265 51 1199 591 3231 274 100 107 63 9189 641 111 0 9357 643
10000 1 0 50 1129 621 3065 284 51 1145 639 3217 294 100 107 65 9159 669 111 0 9329 671
10000 1 0 50 1185 580 3079 255 51 1203 602 3226 264 100 113 59 9206 622 111 0 9374 626
10000 1 0 50 1186 568 3076 269 51 1212 574 3229 280 100 107 64 9188 641 111 0 9354 646
10000 1 0 50 1156 615 3051 277 51 1192 609 3204 290 100 110 64 9154 672 111 0 9325 675
10000 1 0 50 1150 613 3053 283 51 1179 611 3208 297 100 112 55 9168 665 111 0 9332 668
10000 1 0 50 1173 592 3064 270 51 1179 625 3215 276 100 100 70 9145 685 111 0 9311 689
10000 1 0 50 1185 591 3070 253 51 1194 614 3222 265 100 108 69 9194 629 111 0 9364 636
10000 1 0 50 1155 614 3036 294 51 1176 630 3187 302 100 109 63 9167 661 111 0 9333 667
10000 1 0 50 1159 611 3084 245 51 1176 624 3239 256 100 120 53 9212 615 111 0 9383 617
10000 1 0 50 1185 586 3056 272 51 1197 603 3212 283 100 110 61 9173 656 111 0 9340 660
10000 1 0 50 1165 612 3073 249 51 1188 620 3228 259 100 110 61 9193 636 111 0 9359 641
10000 1 0 50 1177 578 3040 304 51 1201 583 3192 319 100 113 66 9146 675 110 0 9321 679
10000 1 0 50 1154 607 3062 276 51 1178 610 3218 289 100 114 52 9133 701 111 0 9298 702
10000 1 0 50 1159 589 3043 308 51 1173 611 3192 319 100 109 59 9117 715 111 0 9277 723
10000 1 0 50 1167 595 3047 290 51 1186 608 3199 302 100 110 60 9156 674 110 0 9322 678
10000 1 0 50 1150 608 3070 271 51 1176 619 3221 279 100 110 55 9164 671 111 0 9325 675
10000 1 0 50 1165 588 3050 296 51 1197 596 3198 304 100 110 61 9153 676 111 0 9317 683
10000 1 0 50 1138 626 3083 252 51 1158 632 3235 270 100 107 69 9171 653 110 0 9343 657
10000 1 0 50 1192 574 3078 255 51 1209 595 3229 262 100 111 62 9180 647 111 0 9345 655
10000 1 0 50 1173 601 3059 266 51 1194 613 3215 273 100 107 61 9181 651 111 0 9343 657
10000 1 0 50 1129 644 3082 244 51 1147 657 3237 254 100 110 63 9189 638 111 0 9357 643
10000 1 0 50 1182 586 3052 279 51 1205 597 3203 290 100 101 69 9174 656 111 0 9340 660
10000 1 0 50 1199 573 3084 243 51 1226 578 3237 254 100 113 61 9181 645 111 0 9350 650
10000 1 0 50 1160 606 3083 250 51 1173 621 3240 261 100 98 76 9206 620 111 0 9375 625
10000 1 0 50 1223 553 3061 262 51 1229 575 3218 273 100 111 57 9211 621 111 0 9374 626
10000 1 0 50 1200 566 3078 255 51 1225 564 3237 269 100 115 56 9186 643 110 0 9354 646
10000 1 0 50 1168 597 3073 261 51 1193 602 3226 274 100 112 60 9171 657 111 0 9336 664
10000 1 0 50 1140 629 3068 262 51 1166 629 3223 277 100 122 51 9168 659 111 0 9338 662
10000 1 0 50 1156 617 3054 272 51 1194 613 3206 282 100 102 69 9164 665 111 0 9332 668
10000 1 0 50 1175 587 3065 272 51 1204 593 3218 280 100 104 65 9165 666 111 0 9330 670
10000 1 0 50 1136 624 3068 271 51 1165 630 3221 279 100 108 67 9181 644 111 0 9352 648
10000 1 0 50 1147 624 3065 263 51 1187 612 3219 277 100 114 60 9165 661 111 0 9337 663
10000 1 0 50 1169 598 3071 261 51 1183 627 3216 269 100 104 65 9157 674 111 0 9320 680
10000 1 0 50 1125 635 3073 266 51 1156 636 3224 279 100 110 59 9190 641 111 0 9356 644
10000 1 0 50 1165 611 3083 240 51 1185 623 3236 251 100 114 61 9182 643 111 0 9353 647
10000 1 0 50 1177 586 3058 278 51 1190 599 3214 292 100 120 50 9157 673 111 0 9325 675
10000 1 0 50 1192 575 3068 264 51 1209 592 3220 274 100 119 56 9186 639 111 0 9355 645
10000 1 0 50 1168 589 3068 274 51 1190 599 3222 284 100 108 68 9148 676 111 0 9317 683
10000 1 0 50 1177 591 3098 233 51 1188 609 3250 248 100 109 65 9170 656 110 0 9340 660
10000 1 0 50 1173 596 3063 267 51 1182 608 3220 285 100 121 51 9163 665 111 0 9331 669
10000 1 0 50 1174 580 3079 266 51 1203 582 3234 276 100 116 51 9143 690 111 0 9305 695
10000 1 0 50 1156 607 3070 266 51 1174 609 3223 289 100 107 68 9179 646 111 0 9351 649
10000 1 0 50 1202 561 3092 244 51 1215 577 3247 256 100 123 51 9166 660 111 0 9336 664
10000 1 0 50 1200 565 3093 241 51 1217 577 3244 257 100 108 67 9172 653 111 0 9342 658
10000 1 0 50 1106 650 3057 286 51 1126 664 3207 298 100 114 58 9123 705 111 0 9290 710
10000 1 0 50 1178 588 3077 256 51 1193 606 3231 265 100 114 55 9164 667 111 0 9329 671
10000 1 0 50 1170 590 3045 294 51 1182 614 3195 304 100 113 60 9152 675 111 0 9318 682
10000 1 0 50 1180 580 3065 274 51 1206 581 3219 289 100 112 61 9171 656 111 0 9338 662
10000 1 0 50 1157 607 3061 274 51 1171 627 3212 285 100 111 59 9186 644 111 0 9350 650
10000 1 0 50 1157 608 3049 285 51 1191 609 3199 296 100 114 60 9144 682 111 0 9312 688
10000 1 0 50 1203 561 3087 248 51 1205 592 3237 261 100 116 60 9215 609 111 0 9386 614
10000 1 0 50 1172 595 3075 257 51 1179 617 3235 264 100 123 50 9174 653 111 0 9344 656
10000 1 0 50 1183 582 3084 250 51 1200 596 3236 263 100 102 65 9193 640 110 0 9354 646
10000 1 0 50 1153 601 3045 300 51 1177 608 3199 311 100 111 62 9133 694 111 0 9303 697
10000 1 0 50 1159 600 3067 273 51 1175 614 3218 288 100 112 61 9141 686 111 0 9310 690
10000 1 0 50 1162 592 3063 282 51 1172 614 3217 292 100 115 58 9163 664 111 0 9335 665
10000 1 0 50 1185 582 3062 270 51 1209 595 3213 278 100 106 64 9190 640 111 0 9354 646
10000 1 0 50 1131 623 3071 274 51 1156 634 3224 281 100 107 69 9141 683 111 0 9308 692
10000 1 0 50 1166 597 3067 269 51 1188 612 3215 280 100 106 63 9201 630 110 0 9365 635
10000 1 0 50 1168 611 3071 249 51 1182 628 3228 257 100 117 58 9177 648 111 0 9346 654
10000 1 0 50 1172 611 3087 229 51 1198 616 3243 238 100 108 64 9222 606 111 0 9387 613
10000 1 0 50 1165 595 3043 296 51 1182 613 3195 305 100 97 76 9143 684 111 0 9312 688
10000 1 0 50 1143 612 3047 297 51 1173 616 3197 309 100 110 64 9164 662 111 0 9333 667
10000 1 0 50 1145 617 3080 257 51 1162 633 3232 268 100 112 64 9173 651 111 0 9342 658
10000 1 0 50 1143 625 3066 265 51 1188 611 3219 277 100 106 65 9160 669 111 0 9325 675
10000 1 0 50 1140 618 3045 296 51 1169 610 3199 317 100 107 63 9160 670 111 0 9327 673
10000 1 0 50 1138 637 3077 247 51 1164 643 3234 254 100 108 62 9219 611 111 0 9386 614
10000 1 0 50 1181 574 3075 269 51 1206 579 3228 282 100 111 63 9169 657 111 0 9342 658
10000 1 0 50 1137 631 3075 256 51 1142 658 3230 265 100 119 56 9164 661 111 0 9337 663
10000 1 0 50 1159 610 3077 253 51 1170 635 3225 265 100 105 66 9142 687 111 0 9309 691
10000 1 0 50 1150 603 3046 300 51 1159 626 3201 309 100 108 66 9131 695 111 0 9301 699
10000 1 0 50 1179 572 3091 257 51 1203 581 3234 277 100 110 64 9206 620 111 0 9376 624
10000 1 0 50 1159 600 3082 258 51 1179 610 3235 271 100 95 76 9190 639 111 0 9354 646
10000 1 0 50 1170 600 3087 242 51 1183 619 3238 255 100 111 66 9189 634 111 0 9361 639
10000 1 0 50 1136 628 3069 266 51 1165 636 3219 275 100 125 48 9149 678 111 0 9319 681
10000 1 0 50 1200 574 3087 238 51 1226 581 3240 248 100 107 60 9156 677 111 0 9320 680
10000 1 0 50 1154 609 3061 275 51 1169 620 3218 288 100 124 51 9192 633 111 0 9365 635
10000 1 0 50 1201 568 3099 231 51 1213 586 3253 243 100 111 57 9170 662 111 0 9332 668
10000 1 0 50 1152 613 3077 257 51 1178 618 3234 265 100 108 66 9136 690 111 0 9304 696
10000 1 0 50 1178 587 3061 273 51 1188 604 3214 289 100 107 64 9147 682 111 0 9312 688
10000 1 0 50 1162 604 3083 250 51 1185 608 3241 261 100 119 54 9174 653 110 0 9341 659
10000 1 0 50 1171 585 3081 262 51 1192 596 3234 273 100 111 59 9182 648 111 0 9349 651
10000 1 0 50 1158 608 3077 256 51 1183 618 3227 267 100 104 70 9163 663 110 0 9330 670
10000 1 0 50 1168 600 3105 226 51 1196 595 3259 245 100 107 65 9219 609 110 0 9382 618
10000 1 0 50 1142 615 3088 254 51 1175 606 3241 273 100 116 57 9211 616 111 0 9381 619
10000 1 0 50 1193 579 3040 287 51 1217 586 3198 294 100 116 58 9189 637 111 0 9360 640
10000 1 0 50 1180 599 3053 267 51 1193 616 3209 277 100 102 67 9175 656 111 0 9336 664
10000 1 0 50 1176 587 3053 283 51 1189 609 3204 293 100 101 74 9159 666 111 0 9326 674
10000 1 0 50 1212 557 3060 270 51 1225 577 3213 280 100 118 59 9187 636 110 0 9358 642
10000 1 0 50 1180 572 3054 293 51 1203 581 3207 304 100 101 67 9140 692 111 0 9304 696
10000 1 0 50 1163 598 3068 270 51 1190 603 3220 282 100 109 63 9191 637 110 0 9358 642
10000 1 0 50 1189 577 3042 291 51 1210 588 3194 303 100 113 62 9119 706 111 0 9289 711
10000 1 0 50 1158 610 3078 253 51 1183 619 3232 261 100 105 67 9192 636 111 0 9362 638
10000 1 0 50 1132 633 3059 275 51 1150 650 3213 282 100 109 66 9171 654 111 0 9338 662
10000 1 0 50 1172 598 3095 234 51 1215 583 3250 247 100 120 51 9218 611 111 0 9386 614
10000 1 0 50 1138 618 3075 268 51 1177 612 3225 281 100 109 66 9154 671 111 0 9326 674
10000 1 0 50 1143 611 3069 276 51 1173 614 3223 285 100 113 55 9156 676 111 0 9320 680
10000 1 0 50 1184 573 3056 286 51 1213 578 3209 295 100 120 57 9180 643 111 0 9355 645
10000 1 0 50 1152 597 3069 281 51 1171 607 3221 296 100 116 58 9170 656 110 0 9338 662
10000 1 0 50 1187 573 3050 289 51 1211 575 3204 305 100 116 62 9216 606 111 0 9387 613
10000 1 0 50 1194 565 3081 259 51 1207 586 3236 266 100 97 76 9209 618 111 0 9378 622
10000 1 0 50 1169 596 3062 272 51 1186 615 3219 275 100 108 68 9171 653 111 0 9340 660
10000 1 0 50 1147 611 3082 259 51 1155 623 3238 279 100 99 77 9163 661 111 0 9333 667
10000 1 0 50 1170 604 3056 269 51 1203 598 3209 285 100 110 64 9164 662 111 0 9332 668
10000 1 0 50 1140 632 3052 275 51 1150 654 3205 286 100 107 64 9170 659 111 0 9337 663
10000 1 0 50 1178 577 3054 290 51 1201 591 3205 298 100 116 56 9172 656 111 0 9339 661
10000 1 0 50 1160 605 3074 260 51 1177 624 3225 269 100 103 71 9181 645 111 0 9351 649
10000 1 0 50 1183 578 3085 253 51 1205 591 3238 261 100 99 69 9195 637 111 0 9357 643
10000 1 0 50 1156 611 3057 275 51 1172 624 3213 286 100 110 59 9153 678 111 0 9317 683
10000 1 0 50 1172 600 3072 255 51 1198 604 3225 268 100 116 59 9211 614 111 0 9382 618
10000 1 0 50 1166 590 3079 264 51 1175 610 3234 276 100 120 53 9187 640 111 0 9357 643
10000 1 0 50 1139 612 3057 291 51 1154 628 3211 302 100 112 64 9176 648 111 0 9348 652
10000 1 0 50 1170 593 3074 262 51 1203 588 3227 277 100 115 59 9162 664 110 0 9331 669
10000 1 0 50 1171 601 3086 241 51 1187 611 3246 251 100 107 68 9177 648 111 0 9343 657
10000 1 0 50 1153 608 3063 275 51 1180 619 3211 285 100 108 64 9170 658 111 0 9337 663
10000 1 0 50 1161 604 3083 251 51 1167 624 3239 265 100 115 57 9174 654 111 0 9338 662
10000 1 0 50 1200 555 3073 271 51 1212 568 3228 287 100 120 54 9179 647 111 0 9349 651
10000 1 0 50 1188 567 3059 285 51 1221 571 3209 294 100 119 55 9193 633 111 0 9362 638
10000 1 0 50 1200 567 3077 255 51 1211 589 3229 266 100 105 66 9174 655 111 0 9340 660
10000 1 0 50 1196 567 3069 267 51 1209 592 3220 274 100 113 61 9189 637 111 0 9361 639
10000 1 0 50 1185 593 3078 243 51 1209 593 3237 256 100 117 55 9180 648 111 0 9347 653
10000 1 0 50 1147 620 3079 253 51 1181 614 3231 269 100 106 62 9144 688 111 0 9307 693
10000 1 0 50 1143 624 3067 265 51 1148 657 3223 267 100 116 60 9144 680 111 0 9318 682
10000 1 0 50 1178 586 3079 256 51 1194 599 3235 267 100 108 67 9209 616 111 0 9379 621
10000 1 0 50 1198 564 3076 261 51 1211 581 3229 274 100 115 56 9192 637 111 0 9362 638
10000 1 0 50 1176 595 3086 242 51 1190 612 3242 251 100 113 63 9167 657 111 0 9340 660
10000 1 0 50 1169 591 3062 277 51 1185 607 3216 287 100 115 55 9138 692 111 0 9304 696
10000 1 0 50 1192 576 3023 308 51 1202 597 3177 319 100 119 54 9164 663 111 0 9335 665
10000 1 0 50 1144 629 3072 254 51 1171 630 3229 265 100 97 78 9193 632 111 0 9363 637
10000 1 0 50 1149 628 3078 244 51 1173 631 3234 257 100 117 55 9173 655 111 0 9345 655
10000 1 0 50 1148 610 3064 277 51 1182 611 3214 288 100 109 63 9166 662 111 0 9334 666
10000 1 0 50 1185 597 3074 243 51 1219 592 3232 252 100 108 63 9193 636 111 0 9360 640
10000 1 0 50 1154 614 3052 279 51 1180 621 3208 286 100 113 57 9140 690 111 0 9304 696
10000 1 0 50 1193 569 3083 254 51 1201 591 3237 266 100 107 68 9193 632 111 0 9363 637
10000 1 0 50 1184 589 3065 261 51 1194 600 3221 280 100 111 61 9161 667 111 0 9326 674
10000 1 0 50 1164 600 3083 252 51 1194 594 3239 268 100 120 53 9196 631 111 0 9368 632
10000 1 0 50 1169 600 3058 272 51 1189 617 3211 278 100 118 56 9191 635 110 0 9360 640
10000 1 0 50 1189 573 3071 266 51 1208 588 3223 276 100 108 68 9155 669 111 0 9327 673
10000 1 0 50 1158 603 3039 299 51 1176 618 3194 307 100 116 56 9161 667 111 0 9330 670
10000 1 0 50 1122 642 3051 284 51 1146 653 3203 293 100 113 58 9164 665 111 0 9330 670
10000 1 0 50 1188 584 3097 230 51 1197 616 3247 235 100 119 57 9192 632 111 0 9364 636
10000 1 0 50 1148 618 3083 250 51 1170 630 3234 261 100 115 57 9193 635 111 0 9364 636
10000 1 0 50 1194 572 3059 274 51 1209 586 3216 284 100 121 56 9195 628 111 0 9369 631
10000 1 0 50 1164 606 3052 277 51 1180 614 3208 293 100 114 61 9143 682 111 0 9312 688
10000 1 0 50 1160 594 3045 300 51 1186 601 3199 309 100 108 59 9164 669 111 0 9326 674
10000 1 0 50 1202 559 3087 251 51 1185 606 3245 259 100 121 54 9204 621 111 0 9373 627
10000 1 0 50 1154 616 3074 255 51 1171 623 3231 270 100 131 44 9172 653 111 0 9344 656
10000 1 0 50 1149 613 3059 278 51 1163 630 3215 287 100 116 60 9192 632 111 0 9366 634
10000 1 0 50 1190 580 3059 270 51 1203 602 3207 283 100 106 64 9177 653 111 0 9339 661
10000 1 0 50 1186 582 3068 263 51 1189 610 3224 272 100 119 56 9179 646 111 0 9346 654
10000 1 0 50 1170 599 3080 250 51 1195 603 3236 261 100 118 56 9160 666 111 0 9330 670
10000 1 0 50 1188 577 3055 279 51 1218 575 3207 295 100 120 54 9171 655 111 0 9343 657
10000 1 0 50 1157 609 3076 257 51 1174 620 3229 272 100 109 67 9180 644 111 0 9351 649
10000 1 0 50 1151 604 3093 251 51 1165 625 3244 261 100 117 58 9163 662 111 0 9335 665
10000 1 0 50 1214 544 3077 264 51 1229 566 3227 273 100 111 57 9213 619 111 0 9374 626
10000 1 0 50 1199 572 3066 262 51 1211 592 3219 273 100 107 63 9130 700 111 0 9293 707
10000 1 0 50 1195 577 3091 236 51 1213 586 3245 251 100 121 52 9193 634 111 0 9361 639
10000 1 0 50 1161 603 3094 241 51 1177 619 3248 251 100 116 58 9174 652 111 0 9345 655
10000 1 0 50 1152 598 3082 267 51 1175 603 3236 281 100 114 59 9181 646 111 0 9348 652
10000 1 0 50 1208 552 3078 261 51 1215 582 3225 273 100 109 61 9166 664 111 0 9331 669
10000 1 0 50 1171 589 3078 261 51 1208 587 3228 272 100 109 60 9175 656 111 0 9342 658
10000 1 0 50 1150 611 3066 272 51 1172 620 3219 284 100 114 61 9157 668 111 0 9329 671
10000 1 0 50 1173 588 3051 287 51 1184 614 3202 295 100 106 64 9126 704 111 0 9288 712
10000 1 0 50 1172 593 3080 254 51 1175 621 3232 267 100 101 70 9190 639 111 0 9356 644
10000 1 0 50 1157 607 3094 241 51 1174 614 3250 257 100 111 64 9201 624 111 0 9369 631
10000 1 0 50 1147 599 3061 292 51 1159 617 3214 305 100 101 65 9163 671 111 0 9323 677
10000 1 0 50 1178 597 3064 260 51 1192 616 3221 266 100 104 72 9178 646 111 0 9343 657
10000 1 0 50 1165 602 3075 257 51 1186 615 3227 267 100 103 69 9204 624 111 0 9369 631
10000 1 0 50 1160 610 3070 259 51 1169 630 3226 270 100 120 55 9184 641 111 0 9356 644
10000 1 0 50 1189 582 3053 275 51 1195 606 3206 288 100 112 58 9163 667 111 0 9329 671
10000 1 0 50 1122 638 3077 262 51 1146 645 3234 270 100 118 57 9211 614 111 0 9383 617
10000 1 0 50 1186 570 3074 269 51 1225 560 3229 281 100 113 61 9185 641 110 0 9355 645
10000 1 0 50 1161 605 3064 269 51 1176 616 3219 284 100 116 58 9151 675 111 0 9319 681
10000 1 0 50 1136 620 3073 270 51 1150 642 3224 279 100 113 65 9153 669 111 0 9329 671
10000 1 0 50 1191 564 3084 260 51 1197 589 3236 273 100 112 60 9199 629 111 0 9369 631
10000 1 0 50 1191 569 3079 260 51 1202 591 3231 271 100 111 64 9194 631 111 0 9365 635
10000 1 0 50 1152 612 3070 265 51 1174 620 3226 275 100 111 62 9137 690 111 0 9309 691
10000 1 0 50 1170 587 3097 245 51 1208 589 3246 252 100 114 60 9222 604 111 0 9390 610
10000 1 0 50 1155 606 3067 271 51 1179 612 3219 285 100 114 60 9207 619 110 0 9380 620
10000 1 0 50 1190 568 3060 281 51 1199 589 3210 297 100 106 62 9155 677 111 0 9318 682
10000 1 0 50 1157 601 3042 299 51 1178 608 3193 316 100 108 68 9129 695 111 0 9301 699
10000 1 0 50 1178 589 3049 283 51 1203 597 3198 297 100 113 56 9151 680 111 0 9318 682
10000 1 0 50 1183 601 3058 257 51 1201 618 3214 262 100 107 64 9181 648 110 0 9343 657
10000 1 0 50 1190 572 3086 251 51 1215 577 3237 266 100 108 62 9173 657 111 0 9339 661
10000 1 0 50 1210 568 3079 242 51 1229 586 3231 249 100 103 65 9205 627 111 0 9365 635
10000 1 0 50 1196 566 3067 270 51 1206 593 3214 282 100 108 58 9160 674 111 0 9323 677
10000 1 0 50 1181 591 3074 253 51 1193 617 3226 259 100 120 51 9161 668 111 0 9330 670
10000 1 0 50 1145 615 3061 278 51 1165 632 3211 287 100 102 69 9128 701 111 0 9294 706
10000 1 0 50 1173 591 3084 251 51 1185 607 3233 270 100 100 67 9177 656 111 0 9338 662
10000 1 0 50 1174 582 3062 281 51 1189 596 3217 293 100 117 60 9171 652 111 0 9345 655
10000 1 0 50 1170 602 3079 248 51 1202 595 3235 263 100 117 56 9153 674 111 0 9323 677
10000 1 0 50 1156 593 3062 288 51 1172 606 3221 296 100 105 63 9136 696 111 0 9301 699
10000 1 0 50 1187 581 3040 291 51 1200 599 3191 305 100 110 61 9137 692 111 0 9304 696
10000 1 0 50 1188 569 3066 276 51 1201 595 3216 283 100 113 58 9142 687 111 0 9307 693
10000 1 0 50 1170 585 3052 292 51 1198 591 3209 297 100 108 59 9173 660 111 0 9336 664
10000 1 0 50 1179 587 3064 269 51 1180 616 3219 280 100 106 68 9166 660 111 0 9332 668
10000 1 0 50 1185 575 3071 268 51 1204 588 3225 278 100 113 58 9177 652 111 0 9344 656
10000 1 0 50 1143 627 3041 288 51 1166 634 3198 297 100 124 52 9148 676 111 0 9320 680
10000 1 0 50 1148 613 3088 250 51 1181 613 3242 259 100 118 57 9191 634 111 0 9361 639
10000 1 0 50 1176 592 3067 264 51 1192 608 3222 273 100 111 61 9175 653 111 0 9344 656
10000 1 0 50 1155 602 3090 252 51 1178 613 3241 263 100 118 58 9166 658 111 0 9336 664
10000 1 0 50 1151 610 3087 251 51 1187 603 3236 269 100 107 61 9223 609 111 0 9384 616
10000 1 0 50 1166 607 3091 235 51 1194 610 3248 243 100 111 56 9181 652 111 0 9345 655
10000 1 0 50 1152 608 3049 290 51 1173 618 3201 303 100 109 61 9169 661 111 0 9336 664
10000 1 0 50 1169 598 3076 256 51 1181 612 3231 271 100 123 52 9175 650 111 0 9346 654
10000 1 0 50 1201 570 3096 232 51 1221 586 3248 240 100 97 75 9219 609 111 0 9387 613
10000 1 0 50 1137 616 3097 249 51 1172 611 3254 258 100 103 64 9207 626 111 0 9369 631
10000 1 0 50 1161 593 3069 276 51 1188 595 3222 290 100 118 53 9170 659 111 0 9338 662
10000 1 0 50 1214 562 3118 205 51 1233 568 3277 217 100 105 66 9270 559 111 0 9434 566
10000 1 0 50 1191 552 3086 270 51 1223 552 3234 286 100 117 58 9136 689 111 0 9305 695
10000 1 0 50 1167 587 3062 283 51 1187 601 3216 291 100 117 58 9180 645 111 0 9350 650
10000 1 0 50 1157 616 3073 253 51 1181 629 3223 262 100 115 56 9166 663 110 0 9330 670
10000 1 0 50 1182 589 3064 264 51 1202 603 3217 273 100 111 60 9152 677 111 0 9319 681
10000 1 0 50 1181 571 3067 280 51 1216 567 3216 296 100 112 60 9164 664 111 0 9334 666
10000 1 0 50 1149 621 3065 264 51 1170 628 3217 280 100 117 53 9174 656 110 0 9337 663
10000 1 0 50 1134 634 3080 251 51 1167 630 3230 268 100 114 57 9181 648 111 0 9348 652
10000 1 0 50 1166 603 3050 280 51 1181 614 3204 296 100 112 61 9147 680 111 0 9316 684
10000 1 0 50 1169 601 3063 266 51 1199 608 3216 272 100 117 56 9169 658 111 0 9338 662
10000 1 0 50 1170 582 3040 307 51 1183 603 3192 317 100 111 59 9126 704 111 0 9291 709
10000 1 0 50 1185 585 3094 235 51 1205 595 3250 245 100 124 50 9205 621 111 0 9376 624
10000 1 0 50 1188 584 3036 291 51 1199 606 3189 301 100 107 66 9155 672 111 0 9323 677
10000 1 0 50 1164 589 3057 289 51 1170 615 3211 299 100 110 62 9159 669 111 0 9328 672
10000 1 0 50 1165 594 3092 248 51 1177 613 3244 261 100 106 66 9174 654 110 0 9340 660
10000 1 0 50 1183 585 3074 257 51 1206 591 3228 270 100 110 56 9207 627 111 0 9368 632
10000 1 0 50 1179 585 3064 271 51 1195 606 3216 278 100 109 63 9185 643 111 0 9352 648
10000 1 0 50 1210 556 3055 278 51 1221 574 3212 288 100 120 55 9169 656 111 0 9339 661
10000 1 0 50 1181 596 3067 255 51 1197 605 3226 267 100 106 67 9203 624 111 0 9372 628
10000 1 0 50 1207 564 3092 236 51 1241 562 3246 246 100 111 69 9241 579 111 0 9418 582
10000 1 0 50 1137 631 3050 281 51 1157 638 3207 293 100 110 62 9169 659 111 0 9337 663
10000 1 0 50 1160 593 3089 257 51 1183 596 3242 274 100 115 58 9188 639 110 0 9357 643
10000 1 0 50 1171 595 3050 283 51 1175 625 3205 290 100 119 54 9151 676 111 0 9320 680
10000 1 0 50 1166 597 3070 266 51 1189 601 3222 283 100 111 64 9183 642 111 0 9352 648
10000 1 0 50 1174 589 3060 276 51 1195 603 3212 285 100 121 49 9180 650 110 0 9345 655
10000 1 0 50 1177 587 3085 250 51 1207 587 3239 262 100 129 46 9204 621 111 0 9379 621
10000 1 0 50 1195 565 3068 271 51 1227 556 3224 288 100 116 59 9192 633 111 0 9361 639
10000 1 0 50 1182 593 3048 276 51 1202 599 3203 291 100 107 62 9167 664 111 0 9330 670
10000 1 0 50 1187 574 3087 251 51 1184 604 3245 262 100 107 63 9192 638 110 0 9356 644
10000 1 0 50 1148 614 3055 282 51 1174 624 3208 289 100 117 55 9172 656 111 0 9339 661
10000 1 0 50 1199 568 3064 268 51 1220 584 3212 279 100 101 72 9174 653 111 0 9344 656
10000 1 0 50 1155 602 3055 287 51 1182 605 3211 297 100 112 64 9156 668 110 0 9327 673
10000 1 0 50 1190 573 3061 275 51 1197 596 3215 287 100 111 63 9133 693 111 0 9298 702
10000 1 0 50 1163 606 3096 234 51 1193 612 3249 241 100 112 65 9196 627 111 0 9367 633
10000 1 0 50 1159 606 3080 254 51 1194 600 3231 270 100 113 62 9177 648 111 0 9346 654
10000 1 0 50 1140 630 3070 259 51 1166 634 3222 273 100 117 56 9182 645 111 0 9347 653
10000 1 0 50 1190 569 3067 273 51 1209 583 3218 285 100 106 64 9186 644 111 0 9351 649
10000 1 0 50 1194 581 3052 272 51 1210 600 3204 281 100 103 70 9153 674 111 0 9322 678
10000 1 0 50 1166 611 3084 238 51 1196 607 3240 252 100 113 65 9209 613 111 0 9381 619
10000 1 0 50 1213 558 3052 276 51 1231 571 3210 283 100 117 56 9148 679 110 0 9316 684
10000 1 0 50 1213 556 3064 266 51 1221 582 3216 276 100 111 60 9165 664 111 0 9333 667
10000 1 0 50 1154 614 3088 243 51 1169 629 3239 258 100 107 63 9141 689 111 0 9306 694
10000 1 0 50 1166 595 3062 276 51 1195 587 3222 291 100 118 57 9144 681 111 0 9318 682
10000 1 0 50 1155 609 3052 283 51 1172 613 3212 298 100 111 60 9132 697 111 0 9299 701
10000 1 0 50 1164 594 3080 261 51 1196 605 3224 270 100 107 66 9186 641 110 0 9355 645
10000 1 0 50 1182 586 3087 244 51 1201 598 3242 254 100 119 57 9209 615 111 0 9381 619
10000 1 0 50 1166 596 3074 263 51 1199 597 3227 272 100 98 70 9148 684 110 0 9312 688
10000 1 0 50 1160 617 3049 273 51 1179 628 3205 283 100 116 58 9149 677 111 0 9320 680
10000 1 0 50 1147 623 3075 254 51 1159 645 3228 263 100 111 63 9185 641 111 0 9355 645
10000 1 0 50 1147 631 3081 240 51 1165 645 3237 248 100 117 56 9212 615 111 0 9381 619
10000 1 0 50 1165 592 3061 281 51 1185 605 3217 288 100 115 55 9127 703 111 0 9296 704
10000 1 0 50 1153 599 3063 284 51 1169 613 3214 299 100 109 61 9164 666 111 0 9329 671
10000 1 0 50 1187 575 3060 277 51 1213 582 3212 288 100 105 65 9140 690 111 0 9308 692
10000 1 0 50 1123 645 3065 266 51 1138 663 3221 273 100 111 60 9188 641 111 0 9358 642
10000 1 0 50 1195 575 3042 287 51 1219 577 3197 302 100 105 65 9166 664 111 0 9332 668
10000 1 0 50 1175 598 3101 225 51 1186 613 3257 239 100 109 66 9221 604 111 0 9391 609
10000 1 0 50 1145 618 3058 278 51 1165 633 3211 286 100 115 57 9154 674 111 0 9319 681
10000 1 0 50 1194 580 3056 269 51 1220 576 3215 284 100 117 57 9188 638 111 0 9357 643
10000 1 0 50 1177 579 3051 292 51 1197 592 3205 301 100 108 63 9162 667 111 0 9329 671
10000 1 0 50 1166 600 3086 247 51 1183 616 3235 261 100 112 60 9187 641 111 0 9355 645
10000 1 0 50 1188 579 3072 260 51 1212 588 3222 273 100 127 49 9193 631 111 0 9363 637
10000 1 0 50 1147 612 3051 289 51 1158 628 3200 309 100 107 64 9132 697 111 0 9294 706
10000 1 0 50 1158 610 3067 264 51 1158 641 3221 275 100 113 59 9190 638 111 0 9352 648
10000 1 0 50 1136 620 3068 275 51 1164 622 3218 291 100 111 59 9201 629 111 0 9366 634
10000 1 0 50 1192 583 3075 249 51 1199 609 3227 260 100 104 69 9193 634 110 0 9361 639
10000 1 0 50 1167 586 3063 283 51 1196 584 3216 299 100 107 65 9170 658 111 0 9338 662
10000 1 0 50 1158 593 3076 272 51 1181 595 3232 287 100 120 58 9182 640 111 0 9358 642
10000 1 0 50 1187 576 3077 259 51 1216 575 3231 273 100 106 69 9159 666 111 0 9328 672
10000 1 0 50 1166 600 3070 263 51 1189 608 3224 274 100 107 68 9155 670 111 0 9329 671
10000 1 0 50 1177 587 3056 279 51 1195 605 3205 290 100 113 54 9187 646 111 0 9353 647
10000 1 0 50 1163 587 3051 298 51 1187 598 3200 310 100 110 62 9146 682 111 0 9313 687
10000 1 0 50 1148 623 3063 265 51 1172 629 3219 275 100 108 69 9165 658 111 0 9338 662
10000 1 0 50 1183 582 3078 256 51 1201 594 3232 268 100 115 59 9164 662 110 0 9327 673
10000 1 0 50 1143 616 3082 258 51 1168 620 3238 269 100 105 68 9181 646 111 0 9349 651
10000 1 0 50 1209 556 3057 277 51 1218 578 3209 290 100 106 66 9143 685 111 0 9309 691
10000 1 0 50 1143 630 3083 243 51 1176 624 3235 260 100 106 66 9196 632 111 0 9365 635
10000 1 0 50 1185 590 3077 247 51 1203 602 3234 256 100 115 60 9223 602 111 0 9389 611
10000 1 0 50 1213 562 3082 242 51 1229 576 3236 254 100 116 53 9190 641 111 0 9356 644
10000 1 0 50 1190 578 3059 272 51 1205 596 3216 278 100 121 53 9184 642 111 0 9354 646
10000 1 0 50 1171 601 3076 251 51 1189 615 3230 261 100 114 63 9165 658 111 0 9335 665
10000 1 0 50 1161 603 3038 297 51 1182 608 3195 310 100 120 56 9144 680 111 0 9312 688
10000 1 0 50 1165 590 3088 256 51 1176 611 3241 267 100 123 47 9199 631 111 0 9366 634
10000 1 0 50 1173 594 3073 259 51 1175 621 3230 269 100 111 64 9179 646 111 0 9347 653
10000 1 0 50 1131 643 3077 248 51 1148 657 3229 261 100 117 55 9176 652 110 0 9342 658
10000 1 0 50 1170 601 3053 275 51 1183 613 3206 293 100 112 64 9161 663 111 0 9333 667
10000 1 0 50 1185 585 3068 261 51 1221 580 3221 273 100 107 67 9167 659 111 0 9335 665
10000 1 0 50 1165 594 3046 294 51 1189 605 3199 302 100 109 65 9156 670 111 0 9325 675
10000 1 0 50 1190 569 3079 261 51 1211 580 3230 274 100 115 59 9192 634 111 0 9366 634
10000 1 0 50 1189 577 3057 276 51 1205 595 3208 287 100 104 67 9187 642 111 0 9353 647
10000 1 0 50 1156 610 3064 269 51 1171 632 3214 278 100 100 71 9185 644 111 0 9352 648
10000 1 0 50 1151 613 3089 246 51 1181 610 3244 260 100 109 66 9196 629 111 0 9367 633
10000 1 0 50 1146 617 3061 275 51 1164 628 3217 286 100 107 69 9183 641 111 0 9353 647
10000 1 0 50 1144 608 3071 276 51 1177 611 3218 289 100 118 56 9170 656 111 0 9343 657
10000 1 0 50 1188 574 3087 250 51 1219 577 3237 262 100 105 68 9187 640 111 0 9358 642
10000 1 0 50 1180 596 3062 261 51 1201 601 3218 275 100 110 64 9171 655 111 0 9341 659
10000 1 0 50 1181 584 3063 271 51 1205 593 3213 284 100 110 68 9160 662 111 0 9334 666
10000 1 0 50 1188 571 3077 263 51 1206 590 3228 271 100 105 67 9200 628 111 0 9370 630
10000 1 0 50 1182 567 3082 268 51 1197 577 3236 285 100 106 70 9176 648 111 0 9348 652
10000 1 0 50 1183 581 3090 245 51 1197 595 3243 260 100 106 65 9191 638 111 0 9359 641
10000 1 0 50 1199 568 3100 232 51 1218 580 3250 247 100 106 71 9167 656 111 0 9340 660
10000 1 0 50 1221 556 3053 269 51 1239 564 3210 282 100 106 69 9164 661 111 0 9331 669
10000 1 0 50 1177 585 3092 245 51 1183 613 3239 260 100 115 58 9180 647 110 0 9347 653
10000 1 0 50 1134 623 3062 280 51 1172 615 3213 295 100 111 59 9159 671 111 0 9327 673
10000 1 0 50 1138 624 3106 231 51 1152 640 3263 240 100 112 64 9206 618 111 0 9377 623
10000 1 0 50 1177 596 3052 274 51 1194 606 3209 286 100 115 59 9160 666 110 0 9331 669
10000 1 0 50 1149 612 3066 272 51 1161 633 3218 283 100 104 66 9154 676 111 0 9321 679
10000 1 0 50 1161 600 3056 282 51 1184 611 3207 293 100 114 55 9164 667 110 0 9329 671
10000 1 0 50 1192 575 3070 262 51 1204 589 3220 282 100 105 63 9159 673 111 0 9322 678
10000 1 0 50 1157 613 3062 267 51 1162 635 3221 277 100 107 68 9155 670 111 0 9324 676
10000 1 0 50 1172 570 3074 283 51 1194 587 3222 292 100 101 68 9172 659 111 0 9336 664
10000 1 0 50 1168 594 3045 292 51 1197 594 3195 309 100 112 62 9134 692 111 0 9302 698
10000 1 0 50 1174 583 3066 276 51 1215 575 3221 284 100 101 69 9172 658 111 0 9338 662
10000 1 0 50 1165 597 3090 247 51 1180 618 3242 255 100 110 66 9201 623 111 0 9374 626
10000 1 0 50 1155 617 3046 281 51 1185 618 3203 289 100 120 54 9164 662 111 0 9337 663
10000 1 0 50 1176 583 3058 282 51 1203 579 3216 297 100 114 58 9188 640 111 0 9358 642
10000 1 0 50 1167 590 3067 275 51 1187 597 3221 290 100 110 56 9174 660 110 0 9334 666
10000 1 0 50 1172 604 3072 251 51 1191 614 3227 263 100 117 57 9181 645 111 0 9352 648
10000 1 0 50 1139 632 3101 227 51 1140 658 3258 239 100 113 61 9201 625 111 0 9372 628
10000 1 0 50 1151 618 3077 253 51 1177 618 3234 266 100 115 59 9214 612 111 0 9382 618
10000 1 0 50 1176 605 3057 261 51 1197 614 3210 274 100 109 67 9196 628 111 0 9368 632
10000 1 0 50 1166 597 3048 288 51 1180 614 3200 301 100 113 59 9144 684 111 0 9313 687
10000 1 0 50 1177 594 3071 257 51 1190 610 3225 270 100 100 76 9190 634 111 0 9364 636
10000 1 0 50 1180 579 3060 280 51 1198 599 3210 288 100 117 51 9148 684 111 0 9314 686
10000 1 0 50 1184 592 3091 232 51 1182 619 3250 244 100 115 63 9227 595 111 0 9401 599
10000 1 0 50 1196 577 3071 255 51 1204 598 3231 262 100 108 60 9210 622 111 0 9370 630
10000 1 0 50 1190 575 3075 259 51 1202 596 3228 269 100 111 62 9167 660 111 0 9333 667
10000 1 0 50 1158 611 3066 264 51 1178 627 3216 274 100 109 66 9158 667 111 0 9327 673
10000 1 0 50 1160 603 3055 281 51 1194 599 3209 293 100 115 57 9160 668 111 0 9328 672
10000 1 0 50 1152 620 3102 225 51 1163 638 3254 240 100 113 60 9227 600 111 0 9397 603
10000 1 0 50 1162 605 3039 293 51 1183 623 3192 297 100 120 50 9099 731 111 0 9264 736
10000 1 0 50 1177 585 3073 264 51 1187 597 3226 285 100 111 58 9179 652 111 0 9345 655
10000 1 0 50 1179 588 3077 255 51 1198 601 3230 266 100 114 56 9155 675 111 0 9320 680
10000 1 0 50 1159 579 3034 327 51 1194 573 3181 347 100 106 64 9091 739 111 0 9256 744
10000 1 0 50 1159 611 3081 248 51 1162 636 3233 264 100 107 64 9190 639 111 0 9353 647
10000 1 0 50 1136 627 3073 263 51 1154 638 3224 279 100 125 51 9133 691 111 0 9304 696
10000 1 0 50 1176 593 3056 274 51 1209 592 3206 288 100 112 61 9184 643 110 0 9354 646
10000 1 0 50 1175 602 3095 227 51 1183 619 3252 241 100 113 60 9199 628 111 0 9369 631
10000 1 0 50 1175 590 3087 247 51 1202 596 3241 256 100 107 60 9194 639 111 0 9355 645
10000 1 0 50 1185 579 3070 265 51 1212 590 3221 272 100 118 56 9178 648 111 0 9347 653
10000 1 0 50 1162 594 3071 272 51 1196 596 3221 282 100 110 60 9178 652 111 0 9344 656
10000 1 0 50 1162 598 3060 279 51 1178 619 3207 291 100 113 61 9180 646 110 0 9349 651
10000 1 0 50 1184 581 3049 285 51 1194 601 3204 296 100 119 53 9147 681 111 0 9316 684
10000 1 0 50 1200 576 3077 246 51 1221 585 3232 257 100 105 69 9184 642 111 0 9355 645
10000 1 0 50 1174 585 3062 278 51 1178 612 3218 287 100 120 51 9161 668 111 0 9329 671
10000 1 0 50 1169 600 3081 249 51 1177 622 3237 259 100 115 59 9179 647 111 0 9347 653
10000 1 0 50 1134 632 3087 246 51 1145 651 3243 256 100 103 70 9189 638 111 0 9356 644
10000 1 0 50 1158 626 3054 261 51 1162 651 3210 272 100 122 53 9155 670 111 0 9325 675
10000 1 0 50 1185 564 3085 265 51 1204 582 3235 274 100 104 69 9198 629 111 0 9365 635
10000 1 0 50 1214 549 3050 286 51 1239 557 3207 292 100 112 63 9142 683 111 0 9313 687
10000 1 0 50 1164 603 3072 260 51 1179 615 3226 275 100 114 58 9187 641 111 0 9354 646
10000 1 0 50 1161 620 3066 252 51 1189 617 3220 269 100 115 59 9191 635 111 0 9361 639
10000 1 0 50 1188 568 3045 298 51 1219 571 3196 309 100 117 52 9169 662 111 0 9335 665
10000 1 0 50 1163 595 3061 280 51 1191 608 3208 288 100 109 64 9140 687 111 0 9310 690
10000 1 0 50 1175 592 3055 277 51 1208 587 3208 292 100 103 65 9171 661 111 0 9337 663
10000 1 0 50 1164 590 3060 285 51 1193 596 3211 295 100 114 57 9142 687 111 0 9311 689
10000 1 0 50 1130 629 3090 250 51 1158 630 3247 260 100 114 58 9186 642 111 0 9355 645
10000 1 0 50 1192 570 3076 261 51 1211 574 3233 277 100 112 62 9172 654 111 0 9344 656
10000 1 0 50 1201 565 3063 270 51 1211 584 3217 283 100 122 50 9155 673 111 0 9323 677
10000 1 0 50 1153 618 3053 275 51 1159 637 3208 291 100 117 54 9154 675 111 0 9322 678
10000 1 0 50 1173 594 3055 277 51 1189 604 3209 293 100 115 54 9167 664 111 0 9330 670
10000 1 0 50 1162 613 3078 246 51 1185 615 3236 259 100 114 62 9190 634 110 0 9362 638
10000 1 0 50 1163 594 3079 263 51 1186 598 3235 276 100 112 62 9194 632 111 0 9366 634
10000 1 0 50 1189 575 3053 282 51 1194 609 3202 290 100 105 68 9144 683 111 0 9313 687
10000 1 0 50 1166 599 3058 276 51 1186 612 3210 287 100 110 63 9181 646 111 0 9345 655
10000 1 0 50 1151 623 3090 235 51 1163 637 3248 247 100 103 70 9218 609 111 0 9388 612
10000 1 0 50 1161 600 3068 270 51 1200 586 3226 283 100 104 69 9193 634 111 0 9361 639
10000 1 0 50 1145 624 3075 255 51 1159 645 3224 267 100 110 60 9150 680 111 0 9317 683
10000 1 0 50 1177 596 3094 232 51 1199 606 3249 241 100 109 63 9209 619 110 0 9375 625
10000 1 0 50 1148 608 3082 261 51 1157 628 3237 273 100 121 49 9176 654 111 0 9338 662
10000 1 0 50 1174 598 3068 259 51 1196 603 3224 272 100 100 76 9173 651 111 0 9344 656
10000 1 0 50 1179 583 3090 247 51 1203 587 3244 261 100 118 59 9214 609 111 0 9383 617
10000 1 0 50 1163 606 3069 261 51 1175 624 3219 277 100 114 61 9157 668 111 0 9330 670
10000 1 0 50 1156 618 3066 259 51 1165 641 3216 273 100 109 64 9164 663 111 0 9336 664
10000 1 0 50 1179 581 3070 269 51 1188 601 3227 279 100 101 67 9151 681 111 0 9317 683
10000 1 0 50 1182 571 3075 271 51 1188 608 3223 276 100 108 67 9153 672 111 0 9323 677
10000 1 0 50 1202 564 3079 254 51 1227 561 3232 275 100 97 63 9186 654 111 0 9345 655
10000 1 0 50 1190 575 3058 276 51 1213 582 3213 287 100 118 56 9188 638 111 0 9357 643
10000 1 0 50 1165 603 3058 273 51 1194 603 3213 285 100 113 61 9176 650 111 0 9343 657
10000 1 0 50 1160 614 3083 242 51 1171 632 3242 250 100 105 69 9241 585 111 0 9411 589
10000 1 0 50 1163 590 3089 257 51 1185 596 3244 270 100 108 68 9199 625 111 0 9372 628
10000 1 0 50 1174 586 3097 242 51 1204 587 3249 255 100 124 50 9205 621 111 0 9373 627
10000 1 0 50 1141 617 3073 268 51 1162 626 3229 278 100 114 66 9167 653 111 0 9337 663
10000 1 0 50 1159 605 3080 255 51 1176 621 3228 270 100 121 54 9180 645 111 0 9354 646
10000 1 0 50 1157 607 3072 263 51 1179 618 3220 278 100 105 68 9172 655 111 0 9342 658
10000 1 0 50 1195 572 3057 275 51 1199 598 3215 283 100 111 63 9180 646 111 0 9345 655
10000 1 0 50 1194 571 3085 249 51 1217 584 3240 254 100 115 60 9238 587 111 0 9406 594
10000 1 0 50 1169 601 3067 262 51 1184 614 3222 275 100 99 74 9151 676 111 0 9319 681
10000 1 0 50 1159 603 3070 267 51 1175 615 3226 279 100 106 72 9158 664 111 0 9331 669
10000 1 0 50 1160 608 3064 267 51 1186 610 3224 275 100 112 66 9149 673 111 0 9327 673
10000 1 0 50 1134 635 3063 267 51 1162 630 3221 282 100 97 74 9175 654 110 0 9335 665
10000 1 0 50 1175 579 3088 257 51 1197 595 3240 263 100 112 56 9175 657 111 0 9343 657
10000 1 0 50 1179 580 3065 275 51 1207 582 3215 291 100 105 70 9163 662 111 0 9336 664
10000 1 0 50 1186 573 3080 260 51 1212 577 3229 277 100 117 61 9167 655 110 0 9342 658
10000 1 0 50 1158 609 3058 274 51 1188 610 3212 285 100 100 73 9186 641 111 0 9357 643
10000 1 0 50 1148 623 3053 275 51 1164 631 3209 291 100 109 66 9126 699 111 0 9296 704
10000 1 0 50 1149 618 3064 268 51 1172 625 3219 279 100 117 57 9162 664 111 0 9334 666
10000 1 0 50 1138 623 3080 258 51 1165 627 3233 270 100 102 70 9187 641 111 0 9353 647
10000 1 0 50 1147 616 3067 269 51 1157 644 3217 277 100 113 57 9171 659 110 0 9336 664
10000 1 0 50 1190 567 3047 295 51 1204 579 3202 310 100 113 59 9112 716 110 0 9281 719
10000 1 0 50 1179 576 3049 295 51 1200 590 3200 305 100 106 66 9139 689 110 0 9308 692
10000 1 0 50 1195 571 3089 244 51 1207 588 3243 257 100 104 71 9225 600 111 0 9393 607
10000 1 0 50 1184 580 3072 263 51 1208 587 3227 273 100 106 66 9178 650 111 0 9342 658
10000 1 0 50 1167 606 3102 224 51 1188 612 3256 239 100 114 58 9246 582 111 0 9415 585
10000 1 0 50 1192 580 3074 253 51 1212 590 3229 264 100 101 65 9185 649 111 0 9344 656
10000 1 0 50 1184 589 3055 271 51 1209 591 3211 284 100 108 65 9180 647 111 0 9346 654
10000 1 0 50 1175 585 3062 277 51 1202 587 3218 288 100 115 56 9170 659 111 0 9338 662
10000 1 0 50 1169 595 3072 263 51 1190 597 3221 287 100 124 50 9173 653 111 0 9342 658
10000 1 0 50 1176 587 3055 281 51 1193 602 3208 292 100 115 55 9140 690 111 0 9305 695
10000 1 0 50 1151 614 3065 269 51 1163 640 3218 274 100 112 65 9165 658 111 0 9338 662
10000 1 0 50 1155 616 3060 268 51 1173 627 3214 281 100 122 52 9175 651 111 0 9344 656
10000 1 0 50 1150 594 3059 296 51 1190 590 3208 307 100 107 68 9152 673 111 0 9322 678
10000 1 0 50 1177 589 3075 258 51 1204 598 3227 266 100 125 49 9175 651 111 0 9345 655
10000 1 0 50 1167 611 3068 253 51 1197 610 3219 269 100 125 52 9184 639 111 0 9357 643
10000 1 0 50 1177 586 3082 254 51 1200 604 3228 263 100 109 67 9191 633 111 0 9363 637
10000 1 0 50 1201 585 3064 249 51 1219 597 3219 260 100 98 74 9200 628 111 0 9364 636
10000 1 0 50 1153 604 3027 315 51 1176 607 3181 331 100 121 53 9133 693 111 0 9305 695
10000 1 0 50 1147 613 3076 263 51 1178 616 3230 271 100 109 61 9180 650 111 0 9345 655
10000 1 0 50 1157 609 3077 256 51 1180 616 3228 271 100 105 64 9140 691 111 0 9305 695
10000 1 0 50 1171 608 3113 207 51 1189 617 3271 218 100 111 64 9209 616 111 0 9379 621
10000 1 0 50 1201 582 3080 236 51 1229 581 3234 251 100 112 63 9223 602 110 0 9393 607
10000 1 0 50 1195 575 3061 268 51 1213 589 3216 277 100 112 58 9200 630 111 0 9365 635
10000 1 0 50 1173 600 3075 251 51 1199 602 3231 263 100 120 56 9199 625 111 0 9373 627
10000 1 0 50 1140 635 3080 244 51 1142 657 3236 260 100 114 63 9187 636 110 0 9357 643
10000 1 0 50 1194 568 3070 267 51 1217 587 3216 275 100 109 67 9183 641 111 0 9357 643
10000 1 0 50 1200 559 3083 257 51 1238 550 3236 271 100 116 54 9171 659 111 0 9338 662
10000 1 0 50 1153 612 3077 257 51 1173 620 3231 271 100 109 66 9155 670 111 0 9325 675
10000 1 0 50 1175 592 3070 262 51 1187 606 3225 277 100 120 53 9173 654 111 0 9341 659
10000 1 0 50 1148 610 3082 259 51 1171 614 3233 277 100 112 64 9226 598 111 0 9397 603
10000 1 0 50 1175 584 3065 275 51 1187 603 3217 288 100 100 74 9142 684 111 0 9314 686
10000 1 0 50 1179 594 3088 238 51 1202 601 3241 251 100 112 62 9192 634 111 0 9363 637
10000 1 0 50 1151 600 3058 290 51 1172 613 3210 300 100 109 62 9136 693 111 0 9305 695
10000 1 0 50 1172 591 3070 266 51 1184 611 3223 277 100 118 54 9182 646 111 0 9352 648
10000 1 0 50 1188 584 3060 267 51 1196 606 3219 274 100 115 58 9163 664 111 0 9334 666
10000 1 0 50 1153 612 3076 258 51 1181 611 3230 273 100 119 56 9139 686 110 0 9309 691
10000 1 0 50 1186 579 3066 268 51 1221 574 3220 280 100 108 62 9165 665 111 0 9330 670
10000 1 0 50 1182 576 3070 271 51 1210 567 3229 289 100 108 66 9134 692 111 0 9305 695
10000 1 0 50 1205 565 3066 263 51 1220 582 3218 275 100 105 64 9209 622 111 0 9372 628
10000 1 0 50 1141 621 3077 260 51 1163 629 3232 271 100 100 66 9160 674 111 0 9322 678
10000 1 0 50 1187 579 3068 265 51 1216 570 3224 285 100 106 67 9183 644 111 0 9352 648
10000 1 0 50 1186 582 3072 259 51 1205 590 3229 271 100 101 70 9169 660 111 0 9336 664
10000 1 0 50 1157 606 3069 267 51 1188 604 3225 278 100 105 74 9199 622 111 0 9374 626
10000 1 0 50 1160 589 3074 276 51 1183 593 3227 292 100 111 61 9150 678 111 0 9316 684
10000 1 0 50 1145 623 3057 274 51 1164 640 3210 281 100 112 58 9190 640 111 0 9357 643
10000 1 0 50 1177 598 3064 260 51 1205 605 3216 269 100 110 61 9169 660 111 0 9335 665
10000 1 0 50 1170 593 3061 275 51 1184 614 3212 285 100 113 61 9162 664 111 0 9329 671
10000 1 0 50 1208 552 3058 281 51 1211 577 3214 293 100 119 52 9177 652 111 0 9344 656
10000 1 0 50 1176 585 3058 280 51 1194 593 3212 296 100 115 57 9157 671 111 0 9324 676
10000 1 0 50 1167 598 3062 272 51 1189 608 3215 283 100 106 67 9147 680 111 0 9313 687
10000 1 0 50 1172 588 3058 281 51 1175 616 3213 291 100 114 56 9169 661 111 0 9333 667
10000 1 0 50 1127 642 3061 269 51 1145 656 3213 281 100 115 59 9160 666 110 0 9325 675
10000 1 0 50 1157 612 3091 239 51 1183 619 3239 254 100 114 59 9206 621 111 0 9372 628
10000 1 0 50 1201 571 3062 265 51 1223 590 3214 268 100 100 70 9157 673 111 0 9325 675
10000 1 0 50 1202 572 3073 252 51 1225 583 3224 263 100 98 75 9175 652 111 0 9337 663
10000 1 0 50 1174 601 3058 266 51 1187 622 3210 276 100 116 57 9157 670 111 0 9325 675
10000 1 0 50 1186 577 3048 288 51 1200 579 3208 308 100 116 56 9173 655 111 0 9339 661
10000 1 0 50 1188 589 3040 282 51 1214 592 3192 297 100 112 64 9152 672 111 0 9322 678
10000 1 0 50 1207 556 3068 268 51 1222 574 3219 280 100 121 52 9191 636 111 0 9357 643
10000 1 0 50 1223 561 3090 225 51 1240 569 3249 237 100 117 54 9202 627 111 0 9372 628
10000 1 0 50 1142 627 3054 276 51 1165 636 3204 290 100 113 56 9166 665 110 0 9330 670
10000 1 0 50 1156 617 3070 256 51 1185 621 3224 265 100 113 56 9175 656 111 0 9339 661
10000 1 0 50 1166 589 3095 249 51 1172 612 3251 260 100 104 66 9212 618 111 0 9379 621
10000 1 0 50 1182 579 3071 267 51 1210 582 3226 277 100 113 63 9133 691 111 0 9306 694
10000 1 0 50 1185 579 3072 263 51 1193 602 3224 276 100 116 56 9166 662 111 0 9333 667
10000 1 0 50 1183 569 3040 307 51 1201 585 3189 320 100 113 59 9184 644 111 0 9350 650
10000 1 0 50 1167 595 3037 300 51 1183 612 3193 307 100 113 62 9160 665 111 0 9330 670
10000 1 0 50 1206 567 3070 256 51 1224 582 3223 266 100 106 69 9222 603 111 0 9390 610
10000 1 0 50 1167 585 3067 280 51 1192 588 3218 297 100 117 55 9134 694 111 0 9305 695
10000 1 0 50 1161 587 3079 272 51 1193 583 3233 286 100 119 55 9173 653 111 0 9343 657
10000 1 0 50 1158 613 3048 280 51 1173 624 3199 299 100 108 65 9128 699 111 0 9297 703
10000 1 0 50 1177 587 3080 255 51 1184 607 3237 267 100 121 52 9204 623 111 0 9374 626
10000 1 0 50 1158 617 3075 249 51 1166 639 3230 260 100 111 60 9188 641 111 0 9355 645
10000 1 0 50 1201 564 3090 244 51 1222 573 3243 257 100 106 67 9172 655 111 0 9339 661
